Run p Disp_sta Disp_mob Diff_disp Landscape Gendiv_t0 Gendiv_t50 Gendiv_loss Colon_npatches Colon_t Colon_rate Colon_sdrate Colon_meanrate Colon_CV gendivlossSouth gendivlossNortheast gendivlossNorthwest Meangendivloss sdgendivloss cvgendivloss Ae_t0 Ae_t50 Ae_loss AelossSouth AelossNortheast AelossNorthwest MeanAeloss sdAeloss CVAeloss
LHS_1 0.51 1.82 9.34 97.26 Patchy_25 0.4915 0.425002655 0.066497345 171 44 3.886363636 1.39971219 3.136363636 0.446285046 -0.008838469 0.033585666 0.072126131 0.032291109 0.040497821 1.254147717 1.987054341 1.848620715 0.138433626 0.012379822 0.153810018 0.263981908 0.143390583 0.126124248 0.879585295
LHS_10 0.69 0.01 36.56 96.75 Continuous 0.4921 0.377835006 0.114264994 201 50 4.02 0.288290177 1.946212121 0.148128857 0.051645311 0.0724964 0.157575499 0.093905737 0.056116583 0.597584188 1.989418284 1.893375401 0.096042883 0.139591142 0.204376773 0.361852802 0.235273572 0.114306695 0.485845878
LHS_100 0.34 3.46 11.14 51.19 Continuous 0.5007 0.476505523 0.024194477 229 30 7.633333333 2.346689206 5.790277778 0.405280938 -0.002707603 0.005286905 0.021363651 0.007980984 0.012259685 1.536111873 1.989141278 1.946257431 0.042883846 -0.000980293 0.037089696 0.088032446 0.041380616 0.044661235 1.079279124
LHS_101 0.78 1.25 14.38 20.6 Continuous 0.4882 0.398548405 0.089651595 229 36 6.361111111 2.7052095 5.37962963 0.502861663 0.007760409 0.053687119 0.136666906 0.066038145 0.065334769 0.989348956 1.987151081 1.778388736 0.208762345 0.008582206 0.166423257 0.37957012 0.184858528 0.186179759 1.007147255
LHS_102 0.46 2.51 11.9 35.9 Patchy_25 0.4901 0.451342312 0.038757688 171 32 5.34375 1.810533336 4.246527778 0.426356174 0.007330202 0.027099846 0.072131119 0.035520389 0.033210975 0.934983433 1.990657843 1.883827864 0.106829979 -0.000734961 0.074917145 0.215568902 0.096583695 0.109767572 1.136502096
LHS_103 0.3 2.54 37.68 35.07 Patchy_50 0.4889 0.489105733 -0.000205733 114 10 11.4 3.781974793 9.133333333 0.414084831 -0.000289716 0.000997631 0.00435594 0.001687951 0.002398528 1.420969929 1.988899949 1.95996033 0.028939619 -0.001361693 0.004242382 0.01395532 0.005612003 0.007749814 1.380935468
LHS_104 0.59 2.12 35.15 20.67 Continuous 0.4948 0.489672322 0.005127678 229 12 19.08333333 9.028728582 15.15277778 0.595846433 0.001188465 0.004154672 0.007950968 0.004431368 0.003389732 0.76494014 1.989994309 1.963420969 0.02657334 -0.004588399 0.003511425 0.01902814 0.005983722 0.012000809 2.005575963
LHS_105 0.56 1.59 17.03 2.73 Continuous 0.4963 0.481911406 0.014388594 229 24 9.541666667 4.057814249 8.069444444 0.502861663 0.003111224 0.011809326 0.018600562 0.011173704 0.007764207 0.694864227 1.992021952 1.949570215 0.042451737 -0.003570374 0.031141296 0.054150816 0.027240579 0.029057626 1.06670369
LHS_106 0.48 0.39 40.85 55.1 Continuous 0.4958 0.483970443 0.011829557 229 12 19.08333333 1.943799496 10.90277778 0.178284795 -0.003031484 0.003752627 0.01077481 0.003831984 0.006903489 1.801544178 1.990370587 1.952112802 0.038257786 -0.001913598 0.018404354 0.043877432 0.020122729 0.022943828 1.14019461
LHS_107 0.28 0.38 36.77 16.18 Patchy_50 0.4934 0.477956339 0.015443661 114 12 9.5 5.246030245 7.583333333 0.691784208 -0.007585961 -0.000991032 0.008436145 -0.0000469493 0.008052667 -171.5183037 1.988514341 1.936016782 0.052497559 0.00308065 0.0290424 0.067591092 0.033238047 0.032459234 0.976568611
LHS_108 0.33 1.02 18.75 80.15 Patchy_25 0.4963 0.480238597 0.016061403 171 20 8.55 2.531962348 6.583333333 0.384601876 -0.0027841 0.006036033 0.014379184 0.005877039 0.008582746 1.460386224 1.988358163 1.944606199 0.043751964 -0.002563911 0.029573428 0.059612832 0.028874116 0.03109427 1.076890781
LHS_109 0.4 0.11 15.85 54.62 Patchy_25 0.5014 0.443462716 0.057937284 171 48 3.5625 1.511290456 3.006944444 0.502600059 0.000793238 0.026668264 0.057741982 0.028401162 0.028513892 1.003969228 1.990529063 1.899120994 0.091408068 -0.009480603 0.074004263 0.168587551 0.077703737 0.089091703 1.146556218
LHS_11 0.71 1.74 38.57 74.9 Continuous 0.495 0.48942563 0.00557437 229 12 19.08333333 8.115628499 16.13888889 0.502861663 0.002186792 0.00324488 0.006404789 0.003945487 0.002194542 0.556215601 1.987289298 1.965495589 0.021793709 -0.000935788 0.007674976 0.017720677 0.008153288 0.009337425 1.145234269
LHS_110 0.73 0.24 9.74 6.05 Patchy_50 0.4982 0.336257628 0.161942372 63 48 1.3125 0.692082533 0.889190821 0.778328472 0.018256944 0.209463965 0.352503423 0.193408111 0.167700686 0.86708197 1.990061632 1.754410177 0.235651456 0.05906524 0.472987588 0.664109762 0.398720864 0.309283653 0.775689665
LHS_111 0.28 1.42 12.68 55.57 Patchy_50 0.5039 0.432874602 0.071025398 114 28 4.071428571 2.704242069 3.654761905 0.739922912 -0.008192649 0.047625492 0.076605722 0.038679522 0.043101203 1.114315837 1.990610291 1.837852733 0.152757558 -0.023572979 0.171165223 0.251911445 0.133167896 0.141618377 1.063457341
LHS_112 0.61 2.73 25.72 24.63 Continuous 0.4882 0.486262107 0.001937893 229 16 14.3125 2.416037993 9.979166667 0.242108191 0.002981929 0.007524224 0.014303991 0.008270048 0.005697759 0.688963266 1.990287398 1.95495946 0.035327937 -0.000303092 0.016889102 0.040225523 0.018937178 0.020341782 1.074171803
LHS_113 0.53 1.7 41.05 33.54 Continuous 0.5029 0.490616502 0.012283498 229 10 22.9 7.502987059 16.87777778 0.444548279 0.003631336 0.005808307 0.006176727 0.005205457 0.001375618 0.264264693 1.990428032 1.968699208 0.021728824 0.000738525 0.005684534 0.01403372 0.006818926 0.006719798 0.985462748
LHS_114 0.79 2.44 44.48 8.56 Patchy_25 0.4924 0.488503346 0.003896654 171 12 14.25 6.045161824 12.02777778 0.502600059 -0.011149803 -0.008970595 -0.00688923 -0.009003209 0.002130474 -0.236634926 1.988265258 1.961366419 0.02689884 0.000827401 0.009849711 0.019463404 0.010046839 0.009319566 0.927611764
LHS_115 0.56 2.81 6.36 25.5 Patchy_25 0.5004 0.379823349 0.120576651 143 50 2.86 1.402322478 2.181666667 0.642775773 0.026040104 0.099857204 0.226026662 0.11730799 0.101128894 0.862080192 1.988324558 1.763055549 0.225269009 0.095068485 0.291163455 0.516912739 0.301048226 0.211095773 0.701202513
LHS_116 0.3 0.19 13.65 81.93 Patchy_25 0.5016 0.430015061 0.071584939 171 40 4.275 2.178849297 3.819444444 0.570462361 0.008463517 0.029545304 0.089337795 0.042448872 0.041952816 0.988314042 1.990719267 1.860770392 0.129948875 0.002799158 0.073700326 0.239758422 0.105419302 0.121622338 1.153700851
LHS_117 0.73 1.31 38.2 70.53 Continuous 0.4894 0.490377202 -0.000977202 229 14 16.35714286 9.423209379 14.625 0.644322009 0.004795182 0.007140173 0.010454523 0.007463293 0.002843473 0.380994416 1.991048247 1.971119728 0.019928519 -0.003800019 0.005069456 0.016175599 0.005815012 0.010008657 1.721175687
LHS_118 0.42 2.87 27.97 67.46 Patchy_50 0.4909 0.484438956 0.006461044 114 14 8.142857143 5.026028247 7.698412698 0.652865525 0.006336658 0.012304136 0.017100838 0.011913878 0.005392691 0.452639456 1.988283048 1.95024159 0.038041458 -0.001328854 0.024681083 0.036880858 0.020077695 0.019516375 0.972042599
LHS_119 0.41 0.74 47.32 28.42 Patchy_25 0.4997 0.489095428 0.010604572 171 10 17.1 5.587320301 12.57777778 0.444221579 -0.0022363 -0.0000392079 0.001707354 -0.000189384 0.001976111 -10.4343935 1.988864349 1.961544307 0.027320042 -0.000433163 0.003275281 0.013708712 0.005516943 0.007332594 1.329104559
LHS_12 0.63 1.68 18.44 8.18 Patchy_50 0.4922 0.452255395 0.039944605 114 26 4.384615385 2.574506138 3.801282051 0.677273116 -0.002079658 0.020398172 0.046436922 0.021585145 0.02428006 1.12485043 1.987589491 1.890774411 0.09681508 -0.011112241 0.067830588 0.147794453 0.068170934 0.079453894 1.165509837
LHS_120 0.76 0.33 36.15 42.86 Continuous 0.4884 0.474102179 0.014297821 229 22 10.40909091 3.908579463 8.237373737 0.474493399 0.000426463 0.005542076 0.021256484 0.009075007 0.010855121 1.19615555 1.991599434 1.950162957 0.041436477 -0.003899198 0.011442969 0.068712148 0.02541864 0.038269981 1.50558728
LHS_121 0.73 3.03 22.21 89.86 Patchy_25 0.4917 0.477300198 0.014399802 171 20 8.55 2.531962348 6.583333333 0.384601876 -0.001693014 0.00370484 0.024840528 0.008950785 0.014023094 1.56668883 1.989845817 1.948988128 0.040857689 -0.005018418 0.017280436 0.089349873 0.03387063 0.049323113 1.456220721
LHS_122 0.79 2.15 44.75 6.62 Patchy_25 0.4924 0.488682594 0.003717406 171 12 14.25 6.045161824 12.02777778 0.502600059 -0.001110909 -0.00122384 0.003575408 0.000413553 0.002738829 6.622683949 1.985840954 1.964975204 0.02086575 -0.000819997 0.008787671 0.022568194 0.010178623 0.011755974 1.154967086
LHS_123 0.49 1.78 19.31 7.05 Continuous 0.4924 0.487245029 0.005154971 229 20 11.45 3.3993872 8.833333333 0.384836287 -0.000463337 0.004203682 0.00991418 0.004551508 0.005197495 1.141928045 1.989729019 1.961747269 0.02798175 -0.00326947 0.015426905 0.036851356 0.016336264 0.020075865 1.228914115
LHS_124 0.74 3.22 30.71 43.8 Patchy_50 0.4973 0.480621925 0.016678075 114 18 6.333333333 5.67972352 6.944444444 0.817880187 -0.003782703 0.00720644 0.011801987 0.005075241 0.008007943 1.577844721 1.992410907 1.948831513 0.043579393 -0.003940947 0.038192112 0.056170191 0.030140452 0.030853835 1.023668629
LHS_125 0.43 1.81 38.47 11.79 Continuous 0.5086 0.490638092 0.017961908 229 10 22.9 7.502987059 16.87777778 0.444548279 0.001990653 0.00282337 0.005090706 0.003301576 0.001604398 0.48594916 1.990346818 1.966300359 0.024046458 0.00771699 0.010933815 0.017611332 0.012087379 0.005047032 0.417545618
LHS_126 0.72 1.11 42.2 59.98 Patchy_50 0.5042 0.486287512 0.017912488 114 14 8.142857143 5.408484139 7.30952381 0.739922912 0.00482426 0.010859605 0.0098676 0.008517155 0.003236375 0.37998309 1.991496311 1.969084608 0.022411703 -0.003360286 0.016234964 0.019953015 0.010942564 0.012525359 1.144645675
LHS_127 0.75 0.64 23.24 62.45 Continuous 0.4891 0.478434408 0.010665592 229 26 8.807692308 1.966920413 6.228937729 0.315771404 -0.001887591 0.006207768 0.013435011 0.005918396 0.007665399 1.295181801 1.991990207 1.953193203 0.038797004 0.003657294 0.035733914 0.059844924 0.033078711 0.028187764 0.852142159
LHS_128 0.31 2.37 19.63 34.84 Patchy_25 0.4965 0.475761524 0.020738476 171 18 9.5 2.369247419 6.766666667 0.350135087 0.003739019 0.018669029 0.027349089 0.016585712 0.011942111 0.720023996 1.991347595 1.929554192 0.061793403 -0.000819378 0.056189657 0.083777267 0.046382515 0.04314259 0.930147708
LHS_129 0.61 0.93 48.14 69.11 Patchy_25 0.4851 0.492605564 -0.007505564 171 12 14.25 6.045161824 12.02777778 0.502600059 0.007321651 0.008100597 0.009336939 0.008253063 0.001016258 0.123137067 1.991157271 1.978909571 0.0122477 0.004604232 0.004566965 0.011588562 0.00691992 0.004043205 0.584285032
LHS_13 0.39 3.62 14.53 81.41 Continuous 0.4954 0.477230756 0.018169244 229 24 9.541666667 4.057814249 8.069444444 0.502861663 -0.004707487 0.00516705 0.016558881 0.005672815 0.010642201 1.876000121 1.987127389 1.941735793 0.045391596 0.001891569 0.043130545 0.080208273 0.041743463 0.039176773 0.938512775
LHS_130 0.38 1.46 35.86 69.54 Patchy_50 0.4868 0.48742348 -0.00062348 114 12 9.5 4.817743055 7.972222222 0.604316202 0.005344151 0.009027379 0.012463273 0.008944934 0.003560277 0.398021628 1.989491506 1.957993109 0.031498397 0.002601166 0.013294816 0.025256296 0.013717426 0.011333476 0.826210093
LHS_131 0.63 1.71 15.73 75.95 Patchy_25 0.4947 0.461461057 0.033238943 171 28 6.107142857 3.373629729 5.607142857 0.601666449 0.009650028 0.02031349 0.049122532 0.026362017 0.020419553 0.774582371 1.989691409 1.919637743 0.070053666 0.012319535 0.055591117 0.148780605 0.072230419 0.069735613 0.965460454
LHS_132 0.65 0.18 26.41 64.81 Continuous 0.5023 0.463338814 0.038961186 229 30 7.633333333 2.346689206 5.790277778 0.405280938 -0.001777375 0.013825037 0.027457387 0.01316835 0.01462844 1.11087877 1.989271857 1.92226381 0.067008047 -0.00786595 0.047028476 0.089979167 0.043047231 0.049043903 1.139304475
LHS_133 0.56 3.38 21.76 60.11 Patchy_25 0.4856 0.477710673 0.007889327 171 18 9.5 7.852600419 9.933333333 0.790530243 0.003430666 0.012972832 0.023144654 0.013182718 0.00985867 0.747848054 1.991099784 1.940616687 0.050483097 -0.001654346 0.03396052 0.071314706 0.034540293 0.036487981 1.056388858
LHS_134 0.26 3.01 20.04 4.94 Continuous 0.4917 0.48993056 0.00176944 229 18 12.72222222 10.54083964 13.32962963 0.790782635 -0.001239879 0.0000483752 0.004929694 0.001246063 0.003254497 2.611823176 1.989699327 1.973011185 0.016688142 -0.000761662 0.003898934 0.02519146 0.009442911 0.013836289 1.465256789
LHS_135 0.36 1.06 13.79 99.73 Patchy_50 0.5001 0.430546313 0.069553687 114 32 3.5625 2.776916099 3.552083333 0.781771101 0.002604804 0.060117764 0.081243155 0.047988574 0.040698102 0.848078996 1.988425376 1.838752887 0.149672488 -0.016596146 0.169299033 0.234090923 0.12893127 0.13012751 1.009278122
LHS_136 0.58 1.99 47.06 4.61 Patchy_25 0.4927 0.493007645 -0.000307645 171 10 17.1 5.587320301 12.57777778 0.444221579 0.002255209 0.002701513 0.005711371 0.003556031 0.001879871 0.528643044 1.990475574 1.970988865 0.01948671 -0.002562438 0.001926582 0.010917648 0.003427264 0.006864198 2.002821629
LHS_137 0.54 2.9 26.07 93.55 Patchy_50 0.5018 0.484754002 0.017045998 114 16 7.125 5.553832198 7.104166667 0.781771101 -0.002434437 0.00041767 0.009582681 0.002521971 0.006278841 2.489656082 1.98982404 1.958366055 0.031457985 0.00144338 0.016629924 0.048106303 0.022059869 0.023800637 1.078911092
LHS_138 0.46 0.5 40.59 9.93 Continuous 0.4968 0.490285831 0.006514169 229 12 19.08333333 9.028728582 15.15277778 0.595846433 -0.008131561 -0.005179548 -0.005278645 -0.006196585 0.001676471 -0.270547507 1.989317366 1.967755113 0.021562253 -0.007872131 0.001170299 0.003586329 -0.001038501 0.00604013 -5.816200552
LHS_139 0.32 2.13 46.37 10.91 Patchy_25 0.5023 0.494206496 0.008093504 171 8 21.375 3.599045012 14.875 0.241952606 -0.002399103 -0.001017298 0.000280367 -0.001045345 0.001339955 -1.281830491 1.990871853 1.978072864 0.012798988 -0.002417003 -0.000480443 0.001307395 -0.000530017 0.001862694 -3.514403087
LHS_14 0.47 1.89 18.57 68.55 Patchy_25 0.4874 0.477968732 0.009431268 171 22 7.772727273 2.685764944 6.433333333 0.417476416 -0.007549255 0.000985141 0.014483454 0.00263978 0.011109161 4.208365812 1.991635132 1.942622129 0.049013003 0.0000451461 0.022768524 0.073722491 0.03217872 0.03772932 1.172492887
LHS_140 0.65 2.09 45.37 31.5 Patchy_25 0.4945 0.491666435 0.002833565 171 10 17.1 4.602445002 14.05 0.327576157 0.005486916 0.005456112 0.008390641 0.006444556 0.001685429 0.261527544 1.990459727 1.97048121 0.019978516 -0.000354803 0.004789962 0.013438707 0.005957956 0.006970537 1.169954468
LHS_141 0.47 3.4 43.06 13.47 Patchy_50 0.4911 0.49016462 0.00093538 114 10 11.4 4.593030146 8.355555556 0.549697757 -0.002070382 -0.000127455 0.001115817 -0.000360673 0.001605852 -4.452372619 1.990233922 1.966795638 0.023438284 0.000035 0.007925892 0.014163926 0.007374932 0.007080569 0.960085931
LHS_142 0.51 3.73 34.62 64.08 Patchy_25 0.4854 0.486251741 -0.000851741 171 12 14.25 6.045161824 12.02777778 0.502600059 -0.003082357 -0.000125451 0.008969203 0.001920465 0.006280872 3.270495481 1.991770006 1.958555415 0.033214591 -0.001791002 0.010298022 0.046115739 0.018207586 0.024913547 1.368305869
LHS_143 0.32 3.41 18.16 48.38 Patchy_50 0.4989 0.477777105 0.021122895 114 20 5.7 5.998819328 6.583333333 0.911213063 -0.009133465 0.001757025 0.011794768 0.001472776 0.010467011 7.106993846 1.990115098 1.944735526 0.045379572 -0.004913743 0.025012267 0.063874328 0.027990951 0.034490637 1.232206712
LHS_144 0.57 0.92 49.79 84.74 Patchy_25 0.4973 0.492683845 0.004616155 171 10 17.1 5.587320301 12.57777778 0.444221579 0.005263766 0.006358445 0.007686516 0.006436242 0.001213247 0.188502399 1.98957265 1.976635893 0.012936756 0.000334336 0.004320623 0.01112609 0.00526035 0.005456904 1.037365324
LHS_145 0.35 1.07 48.79 1.26 Patchy_25 0.497 0.491913783 0.005086217 171 8 21.375 3.599045012 14.875 0.241952606 -0.007618033 -0.006337364 -0.004265561 -0.006073653 0.001691722 -0.278534587 1.990327011 1.972631195 0.017695815 0.001224371 0.007784463 0.015712077 0.008240304 0.007254602 0.88038041
LHS_146 0.53 2.47 7.23 80.66 Patchy_50 0.4962 0.405433151 0.090766849 67 50 1.34 1.228122154 1.292280702 0.950352468 -0.009460827 0.112926817 0.344492911 0.149319634 0.179761341 1.203869423 1.990196293 1.808547343 0.181648951 -0.035687727 0.322086917 0.679450005 0.321949732 0.357568886 1.110635762
LHS_147 0.68 1.05 49.87 98.66 Continuous 0.5007 0.487955237 0.012744763 229 10 22.9 7.502987059 16.87777778 0.444548279 -0.002429708 -0.001334865 0.001645905 -0.000706222 0.002109276 -2.986702565 1.986509613 1.958500911 0.028008703 -0.000669241 0.004846336 0.013354871 0.005843989 0.007065084 1.208948881
LHS_148 0.62 3.04 27.11 1.76 Patchy_50 0.4932 0.483383763 0.009816237 114 16 7.125 5.553832198 7.104166667 0.781771101 -0.003486373 0.004400536 0.008765759 0.00322664 0.006209848 1.924555262 1.989451926 1.952603837 0.036848088 -0.000600421 0.025008745 0.046371263 0.023593195 0.023517815 0.996804978
LHS_149 0.26 0.28 11.11 58.59 Patchy_50 0.4955 0.372563213 0.122936787 114 48 2.375 1.311507561 1.895833333 0.691784208 -0.000221609 0.073081477 0.156788724 0.076549531 0.078562597 1.026297574 1.990154705 1.730637559 0.259517146 -0.006584093 0.221440629 0.421034752 0.211963763 0.213966884 1.009450301
LHS_15 0.54 3.59 20.46 14.22 Continuous 0.5004 0.464227312 0.036172688 229 20 11.45 3.75149353 8.438888889 0.444548279 -0.004594427 0.017646442 0.027450023 0.013500679 0.016419568 1.216203095 1.990616235 1.895079729 0.095536506 -0.001629352 0.079468765 0.11156287 0.063134094 0.058337259 0.924021483
LHS_150 0.31 2.7 46.87 37.01 Patchy_50 0.4924 0.491249798 0.001150202 114 8 14.25 3.382707249 9.708333333 0.348433365 -0.001984042 0.000155183 0.0000755919 -0.000584422 0.001212759 -2.075141856 1.98824154 1.969010065 0.019231474 -0.003543486 0.000989997 0.005957469 0.00113466 0.004752129 4.188151264
LHS_151 0.67 1.14 10.6 42.48 Continuous 0.4905 0.444502198 0.045997802 229 44 5.204545455 1.954289732 4.118686869 0.474493399 -0.003728276 0.030208319 0.056969952 0.027816665 0.03041971 1.093578597 1.992093381 1.883317167 0.108776214 0.0000166 0.118310459 0.198315656 0.105547576 0.099763701 0.945201251
LHS_152 0.71 1.4 35.48 54.98 Continuous 0.5014 0.48705522 0.01434478 229 14 16.35714286 9.423209379 14.625 0.644322009 0.002658694 0.007316275 0.010397115 0.006790695 0.003895891 0.57371018 1.993139613 1.957008286 0.036131328 0.004375467 0.016497135 0.031803443 0.017558681 0.013744767 0.782790388
LHS_153 0.36 3.41 11.85 71.2 Patchy_50 0.498 0.460998117 0.037001883 114 32 3.5625 2.841526173 3.487268519 0.814828614 0.001705629 0.024241403 0.046023936 0.023990323 0.02216022 0.923714972 1.990921398 1.919286115 0.071635284 0.004438494 0.092362111 0.161735606 0.086178737 0.078830648 0.914734312
LHS_154 0.55 3.56 18.88 85.09 Continuous 0.5052 0.487232991 0.017967009 229 22 10.40909091 3.908579463 8.237373737 0.474493399 0.00185249 0.00328912 0.010742247 0.005294619 0.004772155 0.901321711 1.990010149 1.96333309 0.026677059 0.000706238 0.009838013 0.035014271 0.015186174 0.017768298 1.170031234
LHS_155 0.5 3.77 31.98 38.82 Continuous 0.4882 0.490303668 -0.002103668 229 12 19.08333333 9.028728582 15.15277778 0.595846433 -0.000123812 0.002986405 0.005480935 0.002781176 0.002808004 1.009646281 1.990156685 1.964750818 0.025405867 0.003037503 0.009260396 0.019338634 0.010545511 0.008226199 0.780066457
LHS_156 0.32 0.96 26.34 90.15 Patchy_50 0.4928 0.482032235 0.010767765 114 16 7.125 5.553832198 7.104166667 0.781771101 -0.007511022 -0.000563502 0.004663245 -0.001137093 0.006107368 -5.371036336 1.988937529 1.950318838 0.038618691 0.001315434 0.024533403 0.046458236 0.024102357 0.022574488 0.93660912
LHS_157 0.7 1.13 21.65 15.7 Patchy_50 0.5003 0.464414601 0.035885399 114 28 4.071428571 2.618695864 3.738095238 0.700542843 -0.009517407 0.010194237 0.022815472 0.007830767 0.016295498 2.080958075 1.991732319 1.92166264 0.070069679 -0.013290589 0.054671565 0.101341014 0.047573996 0.057644451 1.211679806
LHS_158 0.27 1.56 19.47 49.27 Patchy_50 0.4925 0.481472239 0.011027761 114 20 5.7 2.117978596 4.333333333 0.488764291 0.001461909 0.011449514 0.016216818 0.009709414 0.007529794 0.775514771 1.991557787 1.951591202 0.039966585 -0.002534046 0.031352896 0.048903858 0.025907569 0.026147718 1.009269445
LHS_159 0.54 2.94 25.09 10.51 Patchy_50 0.4946 0.483226392 0.011373608 114 16 7.125 5.790621908 6.870833333 0.842783055 -0.007372847 -0.000989191 0.003386143 -0.001658632 0.005410645 -3.262113829 1.988470846 1.955429554 0.033041292 -0.012044648 0.012617958 0.032633536 0.011068949 0.022379335 2.021812113
LHS_16 0.47 3.95 37.84 62.06 Patchy_50 0.5028 0.490405465 0.012394535 114 10 11.4 4.593030146 8.355555556 0.549697757 0.000696839 0.004331666 0.004656208 0.003228238 0.002198253 0.680945245 1.988696251 1.96735961 0.02133664 0.001268909 0.013604663 0.02122284 0.012032137 0.010069482 0.836882246
LHS_160 0.7 2.67 23.41 64.57 Patchy_25 0.4968 0.479391966 0.017408034 171 20 8.55 2.531962348 6.583333333 0.384601876 -0.007240523 -0.001663228 0.012103425 0.001066558 0.0099567 9.335356464 1.989269878 1.945972974 0.043296904 0.002042491 0.021960894 0.070445255 0.03148288 0.035181468 1.11747933
LHS_161 0.41 3.04 46.53 0.96 Patchy_25 0.4909 0.49414989 -0.00324989 171 8 21.375 3.599045012 14.875 0.241952606 -0.004760786 -0.005412353 -0.00517425 -0.005115796 0.000329693 -0.06444612 1.989275814 1.977385305 0.011890509 -0.001014426 -0.001615924 0.002487092 -0.0000477525 0.002215746 -46.4005764
LHS_162 0.38 2.89 22.08 41.69 Patchy_50 0.501 0.477669177 0.023330823 114 16 7.125 5.790621908 6.870833333 0.842783055 0.001141316 0.012104423 0.021328669 0.011524802 0.01010615 0.876904425 1.989891352 1.942137483 0.047753869 0.002461707 0.041872817 0.076133662 0.040156062 0.036865969 0.918067344
LHS_163 0.45 0.83 12.13 97.9 Patchy_25 0.4896 0.447848276 0.041751724 171 38 4.5 2.139604834 3.862865497 0.553890586 -0.0000244309 0.016629648 0.060336441 0.025647219 0.031174447 1.215509824 1.989871554 1.916918095 0.072953458 0.014218158 0.076780677 0.20004442 0.097014418 0.094551061 0.974608336
LHS_164 0.43 2.29 41.55 57.82 Continuous 0.5014 0.491148956 0.010251044 229 10 22.9 7.502987059 16.87777778 0.444548279 0.00679906 0.008025854 0.008554706 0.007793207 0.000900648 0.115568332 1.987285348 1.967461173 0.019824175 0.002600981 0.004369698 0.008949395 0.005306691 0.003276287 0.61738797
LHS_165 0.64 3.74 26.12 2.23 Continuous 0.5007 0.485795231 0.014904769 229 16 14.3125 9.764879138 14.22916667 0.686257978 0.007103554 0.012634484 0.016043914 0.011927317 0.004511937 0.378285974 1.990459727 1.954638013 0.035821713 0.00480543 0.03085203 0.042246012 0.025967824 0.019192209 0.73907652
LHS_166 0.8 0.51 49.59 12.9 Patchy_25 0.4971 0.48040063 0.01669937 171 16 10.6875 1.799522506 7.4375 0.241952606 0.00768475 0.015109127 0.018949695 0.013914524 0.005726696 0.411562496 1.990356722 1.961330377 0.029026345 0.014015767 0.036403519 0.049868985 0.033429423 0.018110694 0.541759097
LHS_167 0.41 3.67 12.51 96.57 Continuous 0.4956 0.464608909 0.030991091 229 28 8.178571429 4.528866221 7.523809524 0.601937916 -0.009029648 0.012224599 0.032585101 0.011926684 0.020808974 1.744740899 1.989772569 1.911289506 0.078483063 -0.000494293 0.072199886 0.143196751 0.071634115 0.071847193 1.002974531
LHS_168 0.7 3.89 45.03 63.41 Patchy_50 0.5019 0.489075496 0.012824504 114 12 9.5 4.817743055 7.972222222 0.604316202 -0.001335347 -0.0000876328 0.003430559 0.000669193 0.002471447 3.693175468 1.990499347 1.965494506 0.02500484 0.0000627 0.010688962 0.024260649 0.011670779 0.012128803 1.039245369
LHS_169 0.35 2.43 7.91 2.36 Patchy_50 0.4989 0.380542729 0.118357271 97 48 2.020833333 1.347794838 1.819444444 0.740772736 -0.000255345 0.105584136 0.231283605 0.112204132 0.115911344 1.033039884 1.988409561 1.765387436 0.223022125 -0.018799387 0.299614926 0.527998476 0.269604672 0.274631457 1.018645023
LHS_17 0.29 2.25 27.45 76.72 Continuous 0.4907 0.491074582 -0.000374582 229 12 19.08333333 1.943799496 10.90277778 0.178284795 -0.008552725 -0.007275748 -0.004406188 -0.006744887 0.00212363 -0.314850297 1.990435955 1.968882897 0.021553058 -0.005051101 -0.001232221 0.00842534 0.000714006 0.006945824 9.727963972
LHS_170 0.35 2.39 43.32 32.3 Continuous 0.4996 0.492269145 0.007330855 229 10 22.9 6.173937155 18.85 0.327529823 -0.003314398 -0.003904584 -0.00235601 -0.003191664 0.000781548 -0.244871704 1.989590463 1.973304266 0.016286197 -0.002779232 -0.000449074 0.001781116 -0.000482397 0.002280357 -4.72714127
LHS_171 0.51 1.77 19.81 13.25 Patchy_50 0.5054 0.474485185 0.030914815 114 22 5.181818182 2.189901378 4.228787879 0.517855575 0.000779432 0.017604615 0.025300728 0.014561592 0.012540673 0.861215828 1.98881095 1.941460131 0.047350819 0.004049116 0.063005894 0.090586275 0.052547095 0.044206445 0.841272866
LHS_172 0.48 0.78 39.27 58.31 Patchy_25 0.4966 0.484562678 0.012037322 171 12 14.25 6.045161824 12.02777778 0.502600059 0.000500791 0.005157579 0.008797631 0.004818667 0.00415879 0.863058292 1.990321069 1.973744346 0.016576722 -0.001424053 0.005502371 0.013330321 0.00580288 0.007381776 1.272088476
LHS_173 0.65 2.28 44.23 76.09 Patchy_50 0.49 0.486161711 0.003838289 114 10 11.4 4.593030146 8.355555556 0.549697757 0.004625365 0.011951982 0.014068562 0.010215303 0.004955354 0.485091248 1.988830727 1.956520646 0.03231008 0.008764516 0.027206876 0.038923338 0.02496491 0.015203896 0.609010644
LHS_174 0.72 1.86 20.1 11.26 Patchy_50 0.4929 0.44531738 0.04758262 114 26 4.384615385 2.574506138 3.801282051 0.677273116 -0.014187861 0.008201252 0.042410104 0.012141165 0.02850394 2.347710455 1.989113581 1.872143239 0.116970342 0.001691743 0.076933703 0.184135942 0.087587129 0.091687475 1.046814478
LHS_175 0.29 0.88 40.47 71.86 Patchy_25 0.4994 0.488143944 0.011256056 171 10 17.1 5.587320301 12.57777778 0.444221579 0.003020331 0.00713764 0.011888532 0.007348834 0.004437871 0.603887737 1.98891775 1.971512763 0.017404987 0.001330008 0.003510172 0.011911182 0.005583787 0.005587058 1.00058579
LHS_176 0.73 1.79 25.4 77.29 Patchy_25 0.4936 0.481962584 0.011637416 171 20 8.55 2.531962348 6.583333333 0.384601876 0.005680708 0.011484909 0.018604994 0.011923537 0.006473298 0.542900831 1.988741733 1.94671994 0.042021793 0.000991042 0.026586273 0.060054965 0.02921076 0.029619296 1.013985803
LHS_177 0.55 0.69 14.69 51.98 Patchy_50 0.4955 0.446360986 0.049139014 114 40 2.85 1.74740116 2.499242424 0.699172334 0.004600641 0.031819783 0.054326886 0.030249104 0.024900304 0.823174937 1.990994731 1.893990998 0.097003733 0.013212021 0.109961616 0.18128371 0.101485783 0.084355812 0.831208176
LHS_178 0.72 0.57 25.52 56.09 Patchy_50 0.5021 0.433006515 0.069093485 114 28 4.071428571 2.704242069 3.654761905 0.739922912 -0.006259765 0.038330843 0.07250049 0.034857189 0.039494863 1.13304783 1.989184802 1.861345184 0.127839618 -0.016321081 0.126108482 0.227083893 0.112290431 0.122289408 1.089045668
LHS_179 0.55 2.42 27.67 3.08 Patchy_50 0.4933 0.48079499 0.01250501 114 14 8.142857143 5.408484139 7.30952381 0.739922912 -0.001346201 0.012290431 0.015510611 0.00881828 0.008948737 1.014793928 1.990372568 1.944706932 0.045665636 -0.00339764 0.052461574 0.060541636 0.03653519 0.034818028 0.952999768
LHS_18 0.8 3 37.2 60.81 Continuous 0.4894 0.489604004 -0.000204004 229 14 16.35714286 9.423209379 14.625 0.644322009 -0.003976741 -0.002287988 0.003282803 -0.000993975 0.003798829 -3.821853665 1.99113943 1.970878743 0.020260686 0.000790752 0.006045042 0.027703401 0.011513065 0.014265242 1.239048116
LHS_180 0.28 3.34 11.38 78.95 Patchy_25 0.488 0.465889888 0.022110112 171 30 5.7 1.747698553 4.315277778 0.405002561 -0.007937663 0.002169587 0.029292554 0.007841493 0.019252277 2.455180058 1.987200442 1.903012297 0.084188145 0.002960577 0.055033207 0.144064789 0.067352857 0.071354257 1.059409501
LHS_181 0.64 2.47 7.05 80.86 Patchy_50 0.4958 0.433795173 0.062004827 54 50 1.08 1.085833014 0.996666667 1.089464562 -0.008013479 0.230337824 0.354497087 0.19227381 0.18422847 0.95815686 1.990287398 1.895479266 0.094808131 -0.059049635 0.483828409 0.668248895 0.364342556 0.378085228 1.037719097
LHS_182 0.5 2.64 8.88 60.42 Continuous 0.4935 0.454852895 0.038647105 229 42 5.452380952 1.835086867 4.256313131 0.431144704 0.000104365 0.020092829 0.054684887 0.024960694 0.027613953 1.106297499 1.989540983 1.905063191 0.084477792 -0.001696734 0.073462255 0.180699502 0.084155007 0.091667049 1.089264352
LHS_183 0.35 1.24 47.65 46.67 Patchy_25 0.4872 0.491025288 -0.003825288 171 8 21.375 3.599045012 14.875 0.241952606 -0.005252905 -0.005512652 -0.003093979 -0.004619845 0.001327806 -0.287413508 1.991764056 1.977263057 0.014500998 0.002879568 0.004955845 0.008924164 0.005586526 0.003071254 0.549761067
LHS_184 0.25 1.36 44.02 94.24 Patchy_25 0.4927 0.491610748 0.001089252 171 10 17.1 4.602445002 14.05 0.327576157 0.00194934 0.002569837 0.003370762 0.00262998 0.000712617 0.270959146 1.989988369 1.965741265 0.024247104 -0.001188504 0.00116445 0.005606969 0.001860972 0.003450865 1.854335056
LHS_185 0.54 0.07 21.44 50.13 Continuous 0.4907 0.440509045 0.050190955 229 42 5.452380952 1.835086867 4.256313131 0.431144704 -0.00182208 0.025283067 0.050561176 0.024674054 0.026196938 1.061720033 1.990332953 1.896875481 0.093457472 -0.007787127 0.083777836 0.159528296 0.078506335 0.083782184 1.067202835
LHS_186 0.6 3.7 9.11 61.62 Continuous 0.5057 0.441381073 0.064318927 229 42 5.452380952 1.835086867 4.256313131 0.431144704 0.002628927 0.028933466 0.073422243 0.034994879 0.03578378 1.022543342 1.991125553 1.873561171 0.117564382 0.006320833 0.097772088 0.23132227 0.111805064 0.113155225 1.012076033
LHS_187 0.58 0.34 33.24 79.48 Patchy_50 0.4898 0.465260718 0.024539282 114 22 5.181818182 2.352664089 4.073232323 0.577591432 0.002748533 0.015516477 0.025030755 0.014431922 0.011180632 0.774715437 1.991313889 1.918769725 0.072544163 0.011622131 0.056304204 0.089178444 0.05236826 0.038927679 0.743344904
LHS_188 0.31 3.11 8.06 88.09 Patchy_25 0.4949 0.412386555 0.082513445 171 44 3.886363636 1.342882472 3.216666667 0.417476416 0.015316894 0.078559076 0.10644013 0.066772033 0.046691132 0.699261799 1.989052256 1.857854255 0.131198001 -0.0000419528 0.118771646 0.265213983 0.127981225 0.132867566 1.038180139
LHS_189 0.62 1.98 19.75 92.85 Patchy_50 0.4974 0.462717425 0.034682575 114 24 4.75 2.408871528 3.986111111 0.604316202 -0.007833187 0.014971445 0.029397137 0.012178465 0.018771649 1.541380538 1.989068082 1.908157433 0.080910649 -0.00746824 0.080064429 0.125530207 0.066042132 0.06759893 1.023572801
LHS_19 0.26 1.45 20.84 95.13 Patchy_25 0.5056 0.485022253 0.020577747 171 18 9.5 7.490619133 10.375 0.721987386 0.00218263 0.00710432 0.013139779 0.007475576 0.005488001 0.734124098 1.99077475 1.9547282 0.03604655 -0.008777433 0.01018991 0.030465409 0.010625962 0.019625054 1.846896704
LHS_190 0.4 2.08 24.25 10.08 Continuous 0.4974 0.488424546 0.008975454 229 16 14.3125 9.764879138 14.22916667 0.686257978 -0.000898031 0.001803786 0.00483837 0.001914708 0.002869809 1.498822792 1.990045791 1.962779034 0.027266757 -0.007745238 -0.001124909 0.00983019 0.000320015 0.00887636 27.73735798
LHS_191 0.29 3.23 7.59 7.55 Continuous 0.4951 0.44434493 0.05075507 229 44 5.204545455 1.954289732 4.118686869 0.474493399 0.000159723 0.033152244 0.064278627 0.032530198 0.032063978 0.985668085 1.990657843 1.88080385 0.109853992 0.003950047 0.118535479 0.212964325 0.111816617 0.104669 0.936077325
LHS_192 0.4 0.2 21.1 30.19 Patchy_50 0.4967 0.444992231 0.051707769 114 32 3.5625 1.484402412 2.802083333 0.52974956 -0.006250753 0.029036606 0.052208478 0.02499811 0.029438113 1.177613532 1.990115098 1.877715492 0.112399606 -0.007329223 0.111671738 0.183611086 0.095984533 0.096431928 1.004661111
LHS_193 0.64 0.45 35.99 12.38 Patchy_50 0.5008 0.471197714 0.029602286 114 18 6.333333333 2.048463742 4.461111111 0.459182408 0.001123711 0.015946601 0.022923492 0.013331268 0.011132726 0.835083782 1.99234144 1.93452928 0.05781216 0.001904804 0.057817931 0.082581299 0.047434678 0.041328358 0.871268865
LHS_194 0.53 1.48 32.18 89.11 Patchy_25 0.4937 0.483893114 0.009806886 171 14 12.21428571 6.438895296 11.63492063 0.553411192 0.010016505 0.013143332 0.020048179 0.014402672 0.005133038 0.356394802 1.989592442 1.948299507 0.041292935 -0.002470088 0.012832828 0.045338102 0.018566947 0.02441446 1.314942066
LHS_195 0.5 1.5 48.41 3.56 Continuous 0.5008 0.491230581 0.009569419 229 10 22.9 7.502987059 16.87777778 0.444548279 -0.007285981 -0.007001235 -0.005256593 -0.006514603 0.001098732 -0.1686568 1.988716025 1.966235112 0.022480913 -0.002922794 -0.001110945 0.005320711 0.000428991 0.004332135 10.09843806
LHS_196 0.49 0.06 49.54 26.86 Patchy_50 0.5076 0.448216427 0.059383573 114 26 4.384615385 1.169434118 3.162393162 0.369794032 0.01728458 0.036260137 0.036425711 0.029990143 0.011003652 0.366908947 1.990259669 1.916919594 0.073340076 0.03998891 0.095328823 0.101918477 0.079078737 0.034012745 0.430112393
LHS_197 0.43 3.25 43.57 82.04 Patchy_25 0.4935 0.491830772 0.001669228 171 10 17.1 5.587320301 12.57777778 0.444221579 0.004831074 0.006876296 0.007019807 0.006242393 0.001224342 0.196133435 1.993733695 1.97745869 0.016275005 -0.001655208 0.000273659 0.002936733 0.000518395 0.002305732 4.447831595
LHS_198 0.69 1.48 30.46 48.28 Patchy_25 0.4994 0.484844225 0.014555775 171 16 10.6875 1.799522506 7.4375 0.241952606 -0.002776637 0.002488975 0.010791929 0.003501422 0.006840707 1.953693818 1.988053785 1.944847883 0.043205902 0.004858748 0.0359512 0.063646082 0.034818676 0.029410026 0.844662365
LHS_199 0.48 2.05 9.88 1.44 Patchy_25 0.4952 0.432610933 0.062589067 171 40 4.275 2.178849297 3.819444444 0.570462361 0.013065891 0.046428908 0.084362674 0.047952491 0.035672802 0.743919682 1.991028426 1.801566282 0.189462144 0.010655893 0.19732606 0.310500143 0.172827365 0.151415927 0.876110836
LHS_2 0.47 3.19 31.01 89.43 Continuous 0.5005 0.489033507 0.011466493 229 12 19.08333333 8.115628499 16.13888889 0.502861663 0.004615419 0.006898162 0.009783759 0.007099113 0.002590023 0.364837601 1.988026119 1.962856551 0.025169568 0.000385586 0.008920303 0.021399341 0.010235076 0.010568394 1.032566164
LHS_20 0.51 2.24 45.82 23.22 Continuous 0.5025 0.491395564 0.011104436 229 8 28.625 6.934256416 17.98611111 0.385533947 0.00530189 0.006600394 0.00763472 0.006512335 0.001168905 0.179490993 1.990586516 1.970954465 0.019632051 -0.001412061 0.003262638 0.008546395 0.003465657 0.004982331 1.437629551
LHS_200 0.62 0.49 15.1 94.82 Continuous 0.4962 0.451233691 0.044966309 229 36 6.361111111 1.590957117 4.539814815 0.350445378 -0.0000754101 0.020593664 0.050117689 0.023545314 0.025226395 1.071397651 1.99003787 1.894490575 0.095547295 -0.003669625 0.069511853 0.160062682 0.075301637 0.08201956 1.089213511
LHS_201 0.68 3.78 47.42 47.96 Continuous 0.4931 0.487213137 0.005886863 229 10 22.9 7.502987059 16.87777778 0.444548279 0.003453325 0.004550214 0.012483214 0.006828918 0.004927382 0.721546571 1.990408223 1.958857317 0.031550905 0.002274299 0.007365081 0.034779293 0.014806224 0.017483467 1.180818733
LHS_202 0.59 3.91 9.52 17.96 Patchy_25 0.5056 0.438627268 0.066972732 171 44 3.886363636 2.250946303 3.744444444 0.60114293 0.016930341 0.038213998 0.086483796 0.047209378 0.03563858 0.754904678 1.992430756 1.849691791 0.142738965 0.007007544 0.141802134 0.254688026 0.134499235 0.124001631 0.92195046
LHS_203 0.66 0.6 20.8 65.62 Continuous 0.4911 0.466847971 0.024252029 229 28 8.178571429 4.528866221 7.523809524 0.601937916 0.000789649 0.008647319 0.033174717 0.014203895 0.016892448 1.189282812 1.989873534 1.920723568 0.069149966 -0.006943669 0.028729028 0.112846088 0.044877149 0.061505836 1.370537946
LHS_204 0.67 2.26 29.56 86.01 Patchy_25 0.4879 0.488931995 -0.001031995 171 16 10.6875 7.274294783 10.60416667 0.685984577 0.005780851 0.009759466 0.013782107 0.009774141 0.004000648 0.409309425 1.990677657 1.947764827 0.04291283 -0.005656034 0.010176669 0.052632124 0.01905092 0.030140365 1.582094989
LHS_205 0.6 2.02 13.04 33.98 Patchy_50 0.4999 0.438678584 0.061221416 114 36 3.166666667 1.660850964 2.605555556 0.637426809 0.001866161 0.038419497 0.072186325 0.037490661 0.035169282 0.938081149 1.991280184 1.868369895 0.122910289 -0.016631662 0.109973878 0.212496144 0.10194612 0.114774656 1.125836429
LHS_206 0.69 0.56 6.47 87.69 Continuous 0.4912 0.395110453 0.096089547 169 50 3.38 0.974169077 2.06365942 0.472059036 0.011752371 0.112052258 0.297827212 0.140543947 0.145150047 1.032773375 1.992980722 1.818378346 0.174602376 0.031856389 0.327701279 0.64165406 0.333737243 0.304943641 0.913723739
LHS_207 0.27 2.49 42.39 99.41 Patchy_25 0.4961 0.493476352 0.002623648 171 10 17.1 5.587320301 12.57777778 0.444221579 -0.003554403 -0.002968932 -0.002596466 -0.003039934 0.000482899 -0.158851882 1.989622131 1.965568288 0.024053843 -0.006497555 -0.004031254 0.000119523 -0.003469762 0.003344082 -0.963778613
LHS_208 0.71 0.67 36.36 25.83 Patchy_25 0.4906 0.476952433 0.013647567 171 16 10.6875 7.274294783 10.60416667 0.685984577 0.004893585 0.011287276 0.022155304 0.012778722 0.008726972 0.682929989 1.990523119 1.941369344 0.049153776 -0.008779839 0.026959916 0.050185246 0.022788441 0.02970305 1.303426193
LHS_209 0.52 3.35 45.25 5.99 Patchy_50 0.498 0.489634764 0.008365236 114 10 11.4 3.781974793 9.133333333 0.414084831 -0.003792607 -0.002332217 -0.002138365 -0.002754396 0.000904326 -0.328320856 1.990980857 1.965291676 0.025689181 0.005600128 0.010971692 0.017227896 0.011266572 0.00581949 0.516527122
LHS_21 0.77 2.77 24.7 61.69 Continuous 0.4974 0.483993696 0.013406304 229 20 11.45 3.3993872 8.833333333 0.384836287 -0.001119916 0.002923678 0.009747841 0.003850534 0.005492844 1.42651465 1.987376186 1.95144812 0.035928067 -0.005822467 0.013279106 0.037013625 0.014823421 0.021459762 1.447692931
LHS_210 0.4 3.94 10.31 41.66 Patchy_50 0.483 0.440288087 0.042711913 114 36 3.166666667 1.660850964 2.605555556 0.637426809 -0.01465648 0.022830921 0.052921036 0.020365159 0.033856168 1.662455415 1.989491506 1.874019711 0.115471794 -0.012342868 0.110624519 0.201884174 0.100055275 0.107503898 1.074445076
LHS_211 0.78 0.08 34.48 72.24 Continuous 0.4981 0.429521062 0.068578938 229 40 5.725 1.145411539 3.794444444 0.301865413 0.010767374 0.037719187 0.05154905 0.033345204 0.020739698 0.621969444 1.986691156 1.903265689 0.083425467 0.018792404 0.101017044 0.141533209 0.087114219 0.062540329 0.717911836
LHS_212 0.75 0.71 9.46 36.46 Patchy_25 0.4962 0.384232811 0.111967189 143 48 2.979166667 1.34194293 2.250462963 0.596296385 0.032451105 0.074568443 0.223788325 0.110269291 0.100540519 0.911772605 1.990101236 1.82507454 0.165026696 0.089160457 0.231217964 0.450849759 0.25707606 0.182225873 0.708840304
LHS_213 0.78 2.06 7.74 96.01 Continuous 0.5049 0.380411969 0.124488031 211 50 4.22 1.681049818 3.162745098 0.531516061 0.013665095 0.102567246 0.19444083 0.103557724 0.090391937 0.872865241 1.990657843 1.747164508 0.243493335 0.019645883 0.283784819 0.464723593 0.256051432 0.223831181 0.874164925
LHS_214 0.33 0.8 14.33 70.77 Continuous 0.4979 0.469390688 0.028509312 229 26 8.807692308 4.420590899 7.645604396 0.578187239 0.00168994 0.016523186 0.032024886 0.016746004 0.0151687 0.905810162 1.991010587 1.927372236 0.063638352 -0.003985227 0.053250039 0.104883916 0.051382909 0.054458582 1.059857901
LHS_215 0.65 2.57 25.89 84.65 Patchy_50 0.4908 0.47920826 0.01159174 114 16 7.125 5.790621908 6.870833333 0.842783055 -0.00237596 0.005319572 0.016332082 0.006425231 0.009402902 1.463433987 1.989816121 1.942668144 0.047147977 -0.00204471 0.030033317 0.065991882 0.03132683 0.034036735 1.086504296
LHS_216 0.34 1.38 16.68 46.22 Patchy_25 0.4932 0.483912293 0.009287707 171 24 7.125 2.825811093 6.308333333 0.447948918 -0.003028846 0.003278175 0.009630315 0.003293215 0.006329594 1.922010737 1.991335698 1.950373616 0.040962083 0.00313831 0.02905802 0.067166113 0.033120815 0.03220667 0.972399701
LHS_217 0.61 0.72 7.9 78.15 Patchy_25 0.501 0.383124742 0.117875258 142 48 2.958333333 1.392049182 2.194444444 0.634351526 0.024778261 0.101158978 0.231334522 0.119090587 0.104439117 0.876972057 1.989895312 1.742931814 0.246963498 0.045221616 0.303249524 0.509417624 0.285962921 0.232580316 0.813323332
LHS_218 0.26 1.61 34.08 27.71 Patchy_50 0.4921 0.486359151 0.005740849 114 10 11.4 4.593030146 8.355555556 0.549697757 -0.006354661 -0.003013842 0.001248146 -0.002706786 0.003810693 -1.407829594 1.990455765 1.957099208 0.033356557 -0.005061353 0.007147982 0.020272072 0.007452901 0.012669465 1.699937457
LHS_219 0.29 0.6 44.63 98.24 Continuous 0.4989 0.489681303 0.009218697 229 10 22.9 7.502987059 16.87777778 0.444548279 0.001488332 0.002013737 0.002622851 0.00204164 0.000567774 0.27809702 1.988646815 1.961569997 0.027076819 0.004831108 0.006167734 0.010770367 0.007256403 0.003115702 0.429372758
LHS_22 0.37 1.52 29.65 93.91 Continuous 0.4934 0.484772924 0.008627076 229 14 16.35714286 2.080414622 10.375 0.200521891 0.004023565 0.007117087 0.011946456 0.007695703 0.003993012 0.518862544 1.991742237 1.946343627 0.04539861 0.008667421 0.027597644 0.044127911 0.026797658 0.017743775 0.662139026
LHS_220 0.54 3.9 39.8 22.64 Patchy_25 0.4992 0.491011762 0.008188238 171 10 17.1 5.587320301 12.57777778 0.444221579 0.00375655 0.004429154 0.006839536 0.005008413 0.001621067 0.323668707 1.989394538 1.965025413 0.024369124 -0.004208639 0.00198637 0.01545722 0.00441165 0.01005475 2.279135742
LHS_221 0.68 0.28 46.77 28.75 Patchy_25 0.4908 0.475299818 0.015500182 171 18 9.5 2.369247419 6.766666667 0.350135087 -0.003616477 0.003829232 0.012843002 0.004351919 0.008242179 1.893918163 1.99057661 1.913091984 0.077484626 0.020326368 0.068858735 0.141016541 0.076733881 0.060729259 0.791426921
LHS_222 0.42 0.53 31.27 63.91 Patchy_50 0.4978 0.472820434 0.024979566 114 18 6.333333333 1.787948338 4.694444444 0.380864735 0.002153827 0.020015819 0.028942168 0.017037271 0.013640294 0.800614932 1.988324558 1.924354901 0.063969657 -0.00457012 0.060437885 0.092577969 0.049481912 0.049492048 1.000204848
LHS_223 0.6 1.29 38.79 67.23 Patchy_25 0.4935 0.482909508 0.010590492 171 12 14.25 6.045161824 12.02777778 0.502600059 0.00797706 0.015997827 0.023531716 0.015835534 0.007778598 0.491211597 1.990796548 1.962033913 0.028762635 0.001251867 0.007199153 0.02032677 0.009592597 0.009760093 1.017461008
LHS_224 0.66 3.29 31.16 68.04 Patchy_25 0.4915 0.489368561 0.002131439 171 14 12.21428571 7.019386723 10.89880952 0.644050775 0.000797749 0.003198642 0.00630508 0.003433824 0.002761188 0.804114616 1.989657759 1.964268838 0.025388921 0.004121441 0.013424849 0.041286325 0.019610872 0.019339269 0.986150381
LHS_225 0.78 2.85 24.55 13.94 Continuous 0.4959 0.479933103 0.015966897 229 20 11.45 3.3993872 8.833333333 0.384836287 -0.000149285 0.006672393 0.015481455 0.007334854 0.007836399 1.068378227 1.991565719 1.939973661 0.051592059 -0.003396873 0.026415278 0.056936015 0.026651473 0.030167137 1.131912558
LHS_226 0.35 2.99 40.2 63.12 Patchy_25 0.484 0.488912066 -0.004912066 171 8 21.375 3.599045012 14.875 0.241952606 0.00422285 0.006151933 0.00876558 0.006380121 0.002279945 0.357351412 1.991274236 1.96992367 0.021350566 0.00047073 0.006326363 0.010339466 0.005712186 0.004962953 0.868835905
LHS_227 0.52 2.56 10.13 22.21 Continuous 0.4885 0.465716788 0.022783212 229 36 6.361111111 2.817112245 5.248148148 0.53678215 -0.002865198 0.01391813 0.031977964 0.014343632 0.017425478 1.214858135 1.992121161 1.920665863 0.071455298 -0.00827527 0.054044906 0.110100943 0.05195686 0.059215724 1.139709438
LHS_228 0.71 1.3 32.42 91.66 Patchy_50 0.4962 0.479126238 0.017073762 114 18 6.333333333 5.902008447 6.711111111 0.879438345 0.006395123 0.01467727 0.022146657 0.01440635 0.007879261 0.546929718 1.991912834 1.952973652 0.038939182 0.001175006 0.028612963 0.056219369 0.028669113 0.027522224 0.959995678
LHS_229 0.63 0.25 30.32 34.63 Patchy_50 0.4905 0.453244635 0.037255365 114 28 4.071428571 2.618695864 3.738095238 0.700542843 -0.005119872 0.030948306 0.031125103 0.018984512 0.020875197 1.099590881 1.989616193 1.910055431 0.079560762 -0.008920707 0.106367625 0.114331597 0.070592838 0.068975787 0.977093264
LHS_23 0.72 1.87 38.98 72.66 Continuous 0.493 0.49173534 0.00126466 229 12 19.08333333 9.028728582 15.15277778 0.595846433 0.001136893 0.00303453 0.003899734 0.002690386 0.001413205 0.525279788 1.99026363 1.973237193 0.017026438 -0.000965113 0.00479932 0.008876415 0.004236874 0.004944813 1.167090057
LHS_230 0.58 2.03 47.79 47.46 Patchy_50 0.4943 0.492440591 0.001859409 114 10 11.4 3.781974793 9.133333333 0.414084831 -0.006687087 -0.005747604 -0.003447847 -0.005294179 0.001666543 -0.314787748 1.99042407 1.972989004 0.017435066 0.002712999 0.00580428 0.012133178 0.006883486 0.004801922 0.697600354
LHS_231 0.68 2.93 33.58 85.79 Continuous 0.4893 0.487720667 0.001579333 229 14 16.35714286 9.423209379 14.625 0.644322009 0.001440147 0.00590501 0.008794063 0.00537974 0.00370499 0.688693145 1.988334442 1.959229088 0.029105354 0.002364549 0.018316512 0.028135619 0.016272227 0.013006588 0.79931212
LHS_232 0.44 3.26 16.23 4.11 Patchy_25 0.4967 0.47967042 0.01702958 171 22 7.772727273 2.91110581 6.138888889 0.474207281 -0.002381676 0.002360654 0.013892789 0.004623922 0.008369967 1.810144347 1.990671712 1.948944897 0.041726816 0.002887186 0.04001853 0.070360587 0.037755435 0.033793582 0.895065361
LHS_233 0.77 0.26 39.3 45.41 Patchy_50 0.4993 0.450948023 0.048351977 114 28 4.071428571 1.329767767 2.988095238 0.445021882 -0.00729577 0.021077505 0.026994107 0.013591947 0.018329596 1.348562952 1.991359491 1.918584871 0.072774621 -0.025543134 0.067551731 0.08451894 0.042175846 0.059256786 1.404993424
LHS_234 0.59 2.35 42.02 30.85 Continuous 0.4927 0.491358011 0.001341989 229 10 22.9 7.502987059 16.87777778 0.444548279 0.007448279 0.009872321 0.01078343 0.00936801 0.00172382 0.184011302 1.990919417 1.970212257 0.02070716 0.000400851 0.008188989 0.012665207 0.007085016 0.006206261 0.875969966
LHS_235 0.31 2.5 26.63 26.19 Patchy_50 0.4936 0.4889365 0.0046635 114 14 8.142857143 5.408484139 7.30952381 0.739922912 -0.007378309 -0.002722618 0.0000887303 -0.003337399 0.003771291 -1.130009031 1.992881428 1.967298118 0.02558331 0.000431893 0.017000395 0.026697637 0.014709975 0.013281824 0.902912754
LHS_236 0.71 2.58 31.75 17.02 Continuous 0.4899 0.488076808 0.001823192 229 14 16.35714286 9.423209379 14.625 0.644322009 -0.006875709 -0.000566771 0.002074802 -0.001789226 0.004598773 -2.570258598 1.990824291 1.963811282 0.027013009 0.001531564 0.015632566 0.025654276 0.014272802 0.012118706 0.849076855
LHS_237 0.51 0.14 28.64 20.29 Patchy_50 0.4945 0.442998667 0.051501333 114 30 3.8 2.808883248 3.535185185 0.794550526 -0.002723931 0.027467388 0.046796735 0.023846731 0.024958084 1.046604025 1.989176889 1.881442807 0.107734081 -0.006837293 0.097723708 0.154894608 0.081927008 0.08201496 1.001073547
LHS_238 0.46 1.08 45.94 17.48 Continuous 0.5003 0.492895729 0.007404271 229 10 22.9 7.502987059 16.87777778 0.444548279 -0.003630009 -0.003799358 -0.003017582 -0.003482316 0.000411282 -0.118105953 1.990602366 1.972382972 0.018219394 -0.003882877 -0.0000774 0.001524603 -0.000811901 0.002777553 -3.421050378
LHS_239 0.27 0.47 35.52 55.89 Patchy_50 0.4914 0.484005734 0.007394266 114 14 8.142857143 5.408484139 7.30952381 0.739922912 0.004002838 0.008186496 0.013171729 0.008453688 0.004590281 0.542991572 1.989839878 1.948422723 0.041417155 0.002108476 0.023319076 0.039745861 0.021724471 0.018869294 0.868573239
LHS_24 0.62 2.97 20.66 83.39 Continuous 0.5071 0.482517421 0.024582579 229 20 11.45 3.3993872 8.833333333 0.384836287 -0.003756575 0.003213828 0.011300724 0.003585992 0.007535545 2.101383486 1.986044068 1.950690559 0.035353509 -0.003024549 0.027668413 0.054655085 0.026432983 0.028859656 1.091804734
LHS_240 0.39 3.47 33.99 79.92 Patchy_50 0.4922 0.489555838 0.002644162 114 10 11.4 4.593030146 8.355555556 0.549697757 -0.001918581 -0.000986444 0.000346146 -0.00085296 0.001138249 -1.334469549 1.991599434 1.96656469 0.025034744 0.001949923 0.010778397 0.014982272 0.009236864 0.006651524 0.720106307
LHS_241 0.67 2.07 41.19 19.53 Continuous 0.4861 0.490102282 -0.004002282 229 12 19.08333333 8.115628499 16.13888889 0.502861663 -0.0013385 0.000225629 0.002721853 0.000536327 0.00204793 3.818433978 1.989271857 1.965466958 0.023804899 0.00216435 0.007838611 0.015911636 0.008638199 0.006908435 0.799754087
LHS_242 0.34 3.45 24.95 68.81 Patchy_50 0.4936 0.483977989 0.009622011 114 14 8.142857143 5.408484139 7.30952381 0.739922912 -0.003218846 0.002321846 0.010308192 0.003137064 0.006800267 2.167716928 1.990945181 1.954221353 0.036723828 -0.001910312 0.01614487 0.049188716 0.021141091 0.025913304 1.225731626
LHS_243 0.44 3.13 22.76 23.54 Patchy_25 0.4884 0.486218026 0.002181974 171 16 10.6875 7.274294783 10.60416667 0.685984577 0.002364663 0.00505228 0.012285145 0.006567363 0.005130848 0.781264548 1.987488758 1.934403311 0.053085447 0.00304129 0.042038141 0.092500521 0.045859984 0.044851905 0.978018323
LHS_244 0.42 1.83 14.12 48.71 Continuous 0.4982 0.476300438 0.021899562 229 26 8.807692308 4.420590899 7.645604396 0.578187239 -0.005882178 0.00936711 0.011314749 0.004933227 0.009416903 1.908872762 1.988613201 1.932207015 0.056406186 0.000313683 0.057196674 0.065886836 0.041132397 0.035616083 0.865888809
LHS_245 0.65 3.54 43.42 29.22 Patchy_25 0.4925 0.491288905 0.001211095 171 10 17.1 4.602445002 14.05 0.327576157 -0.00757181 -0.007003802 -0.004809707 -0.006461773 0.001458646 -0.22573468 1.991984255 1.971816202 0.020168053 0.001803751 0.004015247 0.008320614 0.004713204 0.003314021 0.70313541
LHS_246 0.41 3.65 39.58 0.57 Patchy_25 0.4973 0.491041994 0.006258006 171 10 17.1 5.587320301 12.57777778 0.444221579 0.008425549 0.010484115 0.011393119 0.010100927 0.001520442 0.150524954 1.992037825 1.972270469 0.019767355 -0.001641776 -0.000649414 0.010612376 0.002773729 0.006806577 2.453944671
LHS_247 0.53 2.2 33.39 19.08 Patchy_50 0.491 0.488595526 0.002404474 114 14 8.142857143 5.026028247 7.698412698 0.652865525 0.003680435 0.005989018 0.010368049 0.006679167 0.003396804 0.508566933 1.992178706 1.965162579 0.027016128 0.004097018 0.014604481 0.02883904 0.015846846 0.01241771 0.783607639
LHS_248 0.57 1.17 32.81 42.33 Patchy_50 0.488 0.48826728 -0.00026728 114 16 7.125 5.553832198 7.104166667 0.781771101 0.002035194 0.006809855 0.007348256 0.005397768 0.002924491 0.54179634 1.988115048 1.970362344 0.017752704 0.0000253 0.013311376 0.018886099 0.010740921 0.00968958 0.902118186
LHS_249 0.41 3.81 29.98 31.1 Patchy_50 0.4996 0.489815903 0.009784097 114 14 8.142857143 5.026028247 7.698412698 0.652865525 -0.001395132 0.000283996 0.003736666 0.000875177 0.002616479 2.989656783 1.989800284 1.9661952 0.023605084 0.000915898 0.012028063 0.020940784 0.011294915 0.010032554 0.888236388
LHS_25 0.61 3.52 22.4 26.4 Continuous 0.5009 0.488281667 0.012618333 229 18 12.72222222 3.181914233 9.07962963 0.350445378 0.003124739 0.004399681 0.009492775 0.005672398 0.003369395 0.593998412 1.989204587 1.962644877 0.026559709 0.000913804 0.011197119 0.030486511 0.014199145 0.015013173 1.057329426
LHS_250 0.79 1.72 41.8 54.2 Patchy_25 0.4921 0.486806152 0.005293848 171 14 12.21428571 6.438895296 11.63492063 0.553411192 0.006824656 0.011541347 0.015329724 0.011231909 0.004260969 0.379362854 1.988933574 1.932312713 0.056620861 -0.009260339 0.021661094 0.044284485 0.01889508 0.026879363 1.422558849
LHS_251 0.48 1.28 13.6 90.99 Continuous 0.4963 0.467311034 0.028988966 229 30 7.633333333 2.346689206 5.790277778 0.405280938 0.003685467 0.020542031 0.04079754 0.021675013 0.01858196 0.857298674 1.991855304 1.923200191 0.068655113 0.00065188 0.062082351 0.130042532 0.064258921 0.064722781 1.007218606
LHS_252 0.37 0.22 47.11 49.52 Continuous 0.4915 0.487984647 0.003515353 229 12 19.08333333 1.943799496 10.90277778 0.178284795 0.00299216 0.003592099 0.007869539 0.004817933 0.002659738 0.55204973 1.989814141 1.961909336 0.027904805 -0.006684148 0.001239876 0.015295397 0.003283708 0.011131399 3.389886495
LHS_253 0.52 2.79 38.05 34.22 Patchy_25 0.4998 0.485840613 0.013959387 171 12 14.25 6.045161824 12.02777778 0.502600059 0.003853631 0.005164792 0.008948714 0.005989046 0.002645659 0.441749715 1.989505359 1.961049988 0.028455371 -0.006003114 0.003206252 0.016965237 0.004722792 0.011559031 2.447499661
LHS_254 0.79 0.58 8.35 86.42 Patchy_50 0.495 0.304540716 0.190459284 61 36 1.694444444 0.600466934 0.994212963 0.603962085 0.027397154 0.284612934 0.382373032 0.23146104 0.183359787 0.792184234 1.991702567 1.667217813 0.324484755 0.097439909 0.613548098 0.737130272 0.482706093 0.339323832 0.702961568
LHS_255 0.49 3.43 45.48 73.63 Patchy_50 0.5032 0.490702374 0.012497626 114 10 11.4 4.593030146 8.355555556 0.549697757 -0.007752853 -0.006951493 -0.005936318 -0.006880221 0.000910362 -0.132315796 1.989107647 1.967024641 0.022083005 -0.003103009 0.004951787 0.009710385 0.003853054 0.006476973 1.680997032
LHS_256 0.76 0.66 15.3 82.36 Patchy_50 0.4895 0.394402985 0.095097015 113 50 2.26 1.280003255 1.911666667 0.669574501 0.000650408 0.073697223 0.129620669 0.067989433 0.064674309 0.951240592 1.988575633 1.795247494 0.193328139 -0.030756958 0.200080327 0.33529919 0.16820752 0.185097765 1.10041314
LHS_257 0.55 0.12 22.91 50.75 Patchy_25 0.4942 0.45100052 0.04319948 171 36 4.75 2.015053941 4.009259259 0.502600059 0.005325314 0.017262186 0.046240767 0.022942755 0.021040918 0.917105098 1.990741063 1.881707483 0.10903358 -0.001951266 0.082581524 0.166839816 0.082490025 0.084395578 1.02310041
LHS_258 0.75 0.81 23.64 81.1 Patchy_25 0.4886 0.469964721 0.018635279 171 26 6.576923077 3.125526473 5.908119658 0.529022202 -0.003175541 0.008436461 0.022725379 0.009328766 0.012973495 1.390697849 1.991220708 1.89599838 0.095222328 -0.003589151 0.075311362 0.130656888 0.0674597 0.067466556 1.000101641
LHS_259 0.74 2.53 33.46 87.65 Patchy_50 0.491 0.477048234 0.013951766 114 14 8.142857143 5.408484139 7.30952381 0.739922912 0.000910911 0.011774076 0.02216048 0.011615155 0.010625676 0.914811321 1.990711341 1.939513388 0.051197953 -0.014302298 0.029001611 0.068834627 0.027844647 0.041580536 1.493304513
LHS_26 0.8 3.31 28.17 57.16 Continuous 0.4901 0.48286285 0.00723715 229 18 12.72222222 3.181914233 9.07962963 0.350445378 -0.002424436 0.003843792 0.011297128 0.004238828 0.006869306 1.62056737 1.988302815 1.948705143 0.039597671 -0.003624251 0.022945191 0.048557073 0.022626004 0.026092127 1.153191976
LHS_260 0.64 3.17 21.98 78.33 Patchy_50 0.5004 0.478017217 0.022382783 114 20 5.7 2.296515073 4.177777778 0.549697757 -0.00231198 0.008075936 0.016468277 0.007410744 0.009407782 1.269478724 1.990814382 1.943770794 0.047043588 0.001316077 0.04159948 0.07025571 0.037723755 0.034632848 0.918064702
LHS_261 0.31 1.91 14.99 44.08 Patchy_25 0.496 0.470952469 0.025047531 171 24 7.125 3.022580912 6.013888889 0.502600059 0.007679612 0.015644714 0.027620119 0.016981481 0.010037239 0.591069684 1.989620152 1.953971857 0.035648295 -0.00530086 0.026153806 0.052190004 0.02434765 0.028787958 1.182371107
LHS_262 0.27 2.28 8.59 52.36 Continuous 0.4972 0.465690893 0.031509107 229 38 6.026315789 2.872426384 5.183333333 0.554165862 0.001791792 0.014772195 0.033059931 0.016541306 0.015708961 0.949680814 1.989206565 1.922216741 0.066989824 0.008286277 0.059736389 0.119131333 0.062384666 0.055469962 0.889160188
LHS_263 0.55 1.25 13.28 28.16 Patchy_25 0.4847 0.462620384 0.022079616 171 34 5.029411765 1.870523754 4.185866013 0.44686661 0.00643291 0.028725193 0.045641024 0.026933042 0.019665399 0.730158828 1.989333195 1.863084052 0.126249144 0.013307565 0.114050453 0.161382667 0.096246895 0.075625948 0.785749477
LHS_264 0.28 2.61 16.11 77.96 Continuous 0.4963 0.479309484 0.016990516 229 20 11.45 3.75149353 8.438888889 0.444548279 -0.000823052 0.005051833 0.016418294 0.006882358 0.008765222 1.27357828 1.989612235 1.936759096 0.052853139 0.000207306 0.028179738 0.066572503 0.031653183 0.033318665 1.052616592
LHS_265 0.25 1.15 28.12 85.41 Patchy_50 0.4918 0.486320106 0.005479894 114 14 8.142857143 5.408484139 7.30952381 0.739922912 -0.011219026 -0.008355787 0.000221457 -0.006451119 0.005953317 -0.922834819 1.990010149 1.960874722 0.029135427 -0.008193322 0.010675792 0.035592862 0.012691777 0.021962596 1.730458655
LHS_266 0.6 4 28.5 29.4 Patchy_50 0.4907 0.478209616 0.012490384 114 16 7.125 5.205179601 7.493055556 0.694667157 -0.003871974 0.006655596 0.016435038 0.00640622 0.010155803 1.58530347 1.989259985 1.934054013 0.055205972 -0.012654379 0.032347951 0.062223344 0.027305638 0.037692665 1.380398614
LHS_267 0.3 0.17 29.41 62.79 Patchy_25 0.4916 0.471116432 0.020483568 171 20 8.55 2.531962348 6.583333333 0.384601876 -0.01157669 0.000812779 0.014383295 0.001206461 0.01298447 10.76244101 1.988759531 1.94086666 0.047892872 -0.006209703 0.025619507 0.052838317 0.024082707 0.029553993 1.227187342
LHS_268 0.59 3.8 8.94 92.65 Patchy_50 0.4953 0.364299393 0.131000607 112 50 2.24 1.930077719 2.28 0.846525315 -0.00355874 0.073089553 0.172633342 0.080721385 0.088343625 1.094426528 1.989453905 1.734413386 0.255040519 -0.013138756 0.230005698 0.451278616 0.222715186 0.232294506 1.043011526
LHS_269 0.76 2.92 30.89 91.19 Continuous 0.4974 0.48241858 0.01498142 229 16 14.3125 2.416037993 9.979166667 0.242108191 0.004630475 0.012403187 0.01972804 0.012253901 0.00754989 0.61612135 1.989258007 1.944368984 0.044889022 -0.000163311 0.026467262 0.053290359 0.026531437 0.026726892 1.007366952
LHS_27 0.29 3.11 34.29 95.56 Patchy_50 0.4917 0.487248159 0.004451841 114 12 9.5 4.817743055 7.972222222 0.604316202 -0.006785777 -0.004879598 0.000147885 -0.003839163 0.00358201 -0.933018491 1.988714048 1.955876959 0.032837088 -0.001462142 0.011582304 0.028810063 0.012976741 0.0151842 1.170108867
LHS_270 0.7 1.21 42.24 39.57 Patchy_50 0.4959 0.483094221 0.012805779 114 12 9.5 5.246030245 7.583333333 0.691784208 0.005137976 0.012311867 0.015063951 0.010837932 0.00512451 0.472831034 1.990614254 1.955345898 0.035268356 0.002709707 0.031735502 0.042055487 0.025500232 0.020400528 0.80001343
LHS_271 0.38 3.72 17.94 92.13 Continuous 0.5062 0.480239494 0.025960506 229 20 11.45 3.3993872 8.833333333 0.384836287 0.0000177176 0.008044979 0.017431596 0.008498097 0.008715777 1.025615151 1.990216098 1.945700635 0.044515463 -0.001141407 0.031181602 0.063720517 0.031253571 0.032431022 1.037674121
LHS_272 0.52 2.16 32.98 75.24 Patchy_25 0.4873 0.489428561 -0.002128561 171 14 12.21428571 6.438895296 11.63492063 0.553411192 -0.00349361 -0.002509394 0.002489656 -0.001171116 0.003208288 -2.739512815 1.988099238 1.950197983 0.037901255 -0.002243013 0.016761684 0.039009851 0.017842841 0.020647673 1.1571965
LHS_273 0.59 2 23.1 21.6 Patchy_50 0.4923 0.475701523 0.016598477 114 18 6.333333333 5.902008447 6.711111111 0.879438345 -0.000462873 0.013060743 0.022809374 0.011802415 0.01168704 0.990224504 1.990008169 1.938725863 0.051282306 -0.004682851 0.048602361 0.079857336 0.041258949 0.042745819 1.036037531
LHS_274 0.46 3.83 12.83 36.31 Patchy_50 0.4938 0.43401717 0.05978283 114 30 3.8 2.741805974 3.6 0.761612771 -0.002981194 0.037642057 0.077323706 0.03732819 0.04015337 1.075684905 1.989816121 1.855691905 0.134124216 -0.016236794 0.117793584 0.23740115 0.11298598 0.126887298 1.123035782
LHS_275 0.39 0.09 41.43 74.09 Continuous 0.4845 0.480539892 0.003960108 229 18 12.72222222 3.181914233 9.07962963 0.350445378 -0.004938338 -0.000616084 0.005184159 -0.000123421 0.0050792 -41.15336765 1.988263282 1.950821924 0.037441358 -0.000973627 0.020671455 0.039042134 0.019579987 0.020030196 1.022993314
LHS_276 0.36 2.74 39.91 31.9 Patchy_25 0.5054 0.49300295 0.01239705 171 10 17.1 4.602445002 14.05 0.327576157 -0.004993558 -0.003608015 -0.002792541 -0.003798038 0.001112744 -0.29297873 1.987326817 1.964970069 0.022356748 0.002771126 0.006282513 0.017305497 0.008786379 0.007583798 0.863131259
LHS_277 0.66 3.15 17.85 37.95 Continuous 0.4956 0.482538315 0.013061685 229 24 9.541666667 4.057814249 8.069444444 0.502861663 0.000194621 0.009910159 0.015201111 0.008435297 0.007611182 0.902301666 1.99090158 1.957200678 0.033700902 -0.003145811 0.034550137 0.049830372 0.027078233 0.027267031 1.006972342
LHS_278 0.49 2.35 29.07 82.98 Patchy_50 0.4889 0.475655176 0.013244824 114 14 8.142857143 5.026028247 7.698412698 0.652865525 0.00365998 0.022945829 0.027192052 0.01793262 0.012541483 0.699367019 1.98856377 1.923341347 0.065222422 -0.009531513 0.055930098 0.072114045 0.03950421 0.043230274 1.094320684
LHS_279 0.36 0.76 6.82 14.97 Patchy_25 0.491 0.374874074 0.116125926 150 50 3 0.95395883 2.066296296 0.46167572 0.023444896 0.10728522 0.2284628 0.119730972 0.103074041 0.860880348 1.990245805 1.754798303 0.235447503 0.03977889 0.3285247 0.526847142 0.298383577 0.244929043 0.820852961
LHS_28 0.26 3.69 11.52 5.08 Continuous 0.498 0.473590314 0.024409686 229 30 7.633333333 4.800427378 7.206944444 0.666083583 0.002721788 0.012608675 0.029146905 0.01482579 0.013351344 0.900548615 1.989740896 1.935345324 0.054395571 -0.0010188 0.041586415 0.097075538 0.045881051 0.049187983 1.072076212
LHS_280 0.79 0.75 36.86 72.85 Patchy_50 0.495 0.467557787 0.027442213 114 22 5.181818182 6.337011401 6.212121212 1.020104274 0.010416872 0.02783523 0.036991724 0.025081275 0.013499773 0.538241105 1.989582546 1.930125611 0.059456935 -0.001418604 0.059171248 0.094014566 0.05058907 0.048291954 0.954592637
LHS_281 0.67 3.88 36.46 16.88 Patchy_50 0.4927 0.486887058 0.005812942 114 12 9.5 4.817743055 7.972222222 0.604316202 0.001360653 0.003115221 0.008275613 0.004250496 0.003594552 0.84567831 1.987785061 1.961255105 0.026529956 -0.007973637 0.002070122 0.021185453 0.005093979 0.014812863 2.907915935
LHS_282 0.65 1.32 26.9 40.1 Patchy_50 0.502 0.474404244 0.027595756 114 20 5.7 5.998819328 6.583333333 0.911213063 0.00550748 0.019954057 0.031216141 0.018892559 0.01288716 0.68212885 1.991258376 1.937874168 0.053384208 -0.003030337 0.043884361 0.084620477 0.041824833 0.043861686 1.048699606
LHS_283 0.3 0.95 24.4 27 Continuous 0.4962 0.487084401 0.009115599 229 16 14.3125 9.764879138 14.22916667 0.686257978 -0.000676278 0.001473817 0.006431274 0.002409604 0.00364501 1.512700818 1.991111677 1.957971246 0.033140432 0.001523527 0.014620019 0.028515679 0.014886408 0.013498047 0.906736341
LHS_284 0.27 0.41 49.36 98.86 Patchy_25 0.4867 0.491474889 -0.004774889 171 10 17.1 5.587320301 12.57777778 0.444221579 0.00137538 0.002920563 0.004298034 0.002864659 0.001462129 0.510402421 1.992510154 1.967704324 0.02480583 0.002757856 0.00851426 0.014283325 0.00851848 0.005762736 0.676498127
LHS_285 0.45 1.54 42.52 24.67 Patchy_25 0.4867 0.48967859 -0.00297859 171 10 17.1 5.587320301 12.57777778 0.444221579 0.007299444 0.007362301 0.010223994 0.008295247 0.00167064 0.201397313 1.988075523 1.964219431 0.023856092 -0.001600032 0.002162921 0.011115811 0.0038929 0.006532058 1.677941535
LHS_286 0.43 3.96 46.08 18.48 Patchy_25 0.5013 0.492322149 0.008977851 171 8 21.375 3.599045012 14.875 0.241952606 0.002432422 0.001720033 0.002720864 0.002291106 0.000515163 0.224853376 1.988032047 1.977197229 0.010834818 0.001998931 0.001922727 0.007112822 0.00367816 0.002974749 0.808760058
LHS_287 0.76 3.61 25.23 11.44 Patchy_50 0.4946 0.460916162 0.033683838 114 20 5.7 2.117978596 4.333333333 0.488764291 -0.007167549 0.011319469 0.036843525 0.013665149 0.022099102 1.617187113 1.99253596 1.898733123 0.093802837 -0.015114153 0.051559877 0.136854838 0.057766854 0.076174395 1.318652305
LHS_288 0.41 3.65 13.34 39.9 Patchy_25 0.4919 0.470238748 0.021661252 171 28 6.107142857 3.373629729 5.607142857 0.601666449 -0.00253921 0.008053772 0.029965122 0.011826562 0.016577345 1.401704514 1.990957073 1.923402311 0.067554762 0.005129871 0.056192956 0.145398239 0.068907022 0.070993235 1.030275771
LHS_289 0.44 3.19 34.97 37.45 Patchy_25 0.4965 0.49178039 0.00471961 171 12 14.25 6.045161824 12.02777778 0.502600059 -0.000553567 0.000676965 0.004066116 0.001396505 0.00239242 1.713148447 1.991052211 1.977802553 0.013249658 0.000132951 0.003034048 0.009168283 0.004111761 0.004613069 1.121920536
LHS_29 0.53 3.75 38.27 93.1 Patchy_25 0.4837 0.489635616 -0.005935616 171 10 17.1 5.587320301 12.57777778 0.444221579 0.002273338 0.004154847 0.006258075 0.004228753 0.001993396 0.471390927 1.987066186 1.961705006 0.02536118 0.004444476 0.003866749 0.011827851 0.006713025 0.004438978 0.661248448
LHS_290 0.33 0.99 10.42 22.8 Patchy_50 0.4879 0.395466512 0.092433488 114 44 2.590909091 1.784102972 2.446969697 0.729107097 -0.000420774 0.059899098 0.138751323 0.066076549 0.069791395 1.05622034 1.988963243 1.773578202 0.215385041 -0.00846114 0.188189201 0.386790051 0.188839371 0.197626398 1.046531753
LHS_291 0.52 3.07 15.47 61.24 Patchy_25 0.4918 0.472187045 0.019612955 171 24 7.125 3.022580912 6.013888889 0.502600059 -0.003204338 0.001625492 0.027836831 0.008752662 0.016702873 1.908319209 1.989380686 1.899559325 0.089821361 -0.000197984 0.056563599 0.164266105 0.073543907 0.083536562 1.135873331
LHS_292 0.38 2.72 36.96 49.92 Patchy_25 0.4908 0.491952911 -0.001152911 171 10 17.1 5.587320301 12.57777778 0.444221579 -0.005359661 -0.003909711 -0.00187209 -0.003713821 0.001752018 -0.47175626 1.99253596 1.980523673 0.012012287 0.000429931 -0.000185184 0.006235853 0.0021602 0.003542993 1.640122639
LHS_293 0.73 2.59 35.23 43.11 Continuous 0.4903 0.489159978 0.001140022 229 14 16.35714286 9.423209379 14.625 0.644322009 -0.001861057 0.004258229 0.004750065 0.002382412 0.003683171 1.545983992 1.989730998 1.965417929 0.024313069 0.004742922 0.02469492 0.030027514 0.019821785 0.0133281 0.67239652
LHS_294 0.39 1.11 41.74 56.68 Patchy_50 0.4961 0.489835237 0.006264763 114 10 11.4 4.593030146 8.355555556 0.549697757 0.007333171 0.006547281 0.010620734 0.008167062 0.002160969 0.264595613 1.989493485 1.967375658 0.022117827 0.002739266 0.011338656 0.020701462 0.011593128 0.008983801 0.774924686
LHS_295 0.45 2.32 12.36 97.44 Patchy_50 0.4942 0.452680673 0.041519327 114 34 3.352941176 1.581038637 2.694989107 0.586658637 0.002194343 0.021012149 0.051392884 0.024866459 0.024824703 0.998320801 1.991218725 1.90376629 0.087452435 0.011961839 0.080279023 0.177269777 0.08983688 0.083067401 0.924646995
LHS_296 0.67 2.38 48.85 6.83 Patchy_50 0.4954 0.480329645 0.015070355 114 8 14.25 3.382707249 9.708333333 0.348433365 0.002651659 0.012051451 0.016092529 0.010265213 0.006896175 0.671800468 1.987269551 1.934009521 0.05326003 -0.004675909 0.029724504 0.045016348 0.023354981 0.025451095 1.089750162
LHS_297 0.36 2.66 37.69 9.42 Continuous 0.4918 0.491381714 0.000418286 229 10 22.9 7.502987059 16.87777778 0.444548279 -0.001876305 -0.000228639 0.001928578 -0.0000587887 0.00190812 -32.4572429 1.990200254 1.966695829 0.023504425 0.001730181 0.003876929 0.010229931 0.005279014 0.004419934 0.837265162
LHS_298 0.57 0.05 31.44 23.82 Continuous 0.4903 0.449810388 0.040489612 229 32 7.15625 2.69994454 5.402083333 0.499796907 0.003636153 0.03011444 0.032799677 0.022183423 0.016118423 0.726597638 1.990955091 1.922230036 0.068725055 0.010260526 0.099976304 0.109756503 0.073331111 0.054839193 0.747829837
LHS_299 0.29 2.4 17.7 75.41 Patchy_25 0.4864 0.482181616 0.004218384 171 20 8.55 2.531962348 6.583333333 0.384601876 0.002290009 0.011110101 0.019972838 0.011124316 0.008841423 0.79478351 1.987346564 1.944223135 0.043123429 0.000796752 0.020584956 0.06441043 0.02859738 0.032554941 1.138388961
LHS_3 0.75 3.98 40.05 88.92 Patchy_25 0.4965 0.489112067 0.007387933 171 12 14.25 6.045161824 12.02777778 0.502600059 0.001804088 0.004225071 0.007973712 0.004667624 0.003108529 0.665976874 1.988393746 1.96237682 0.026016926 0.002234252 0.014524223 0.028038407 0.014932294 0.012906917 0.864362589
LHS_30 0.57 1.21 46.28 7.69 Patchy_25 0.5028 0.488222016 0.014577984 171 12 14.25 6.045161824 12.02777778 0.502600059 -0.004145546 -0.002473079 -0.002472873 -0.003030499 0.000965659 -0.31864668 1.989669635 1.959810275 0.029859361 0.000525399 0.005916837 0.009112285 0.00518484 0.00433999 0.837053859
LHS_300 0.6 2.95 45.71 35.46 Patchy_50 0.4956 0.488830135 0.006769865 114 10 11.4 4.593030146 8.355555556 0.549697757 -0.003074772 0.000961458 0.00273112 0.000205935 0.00297577 14.4500417 1.992587574 1.965366402 0.027221172 0.00170708 0.012651142 0.022298866 0.012219029 0.010302691 0.843167726
LHS_31 0.55 3.33 15.64 15.66 Patchy_25 0.4967 0.466979401 0.029720599 171 26 6.576923077 3.292818224 5.697802198 0.577910238 -0.000491044 0.008695159 0.035923523 0.014709213 0.018937577 1.287463682 1.988381885 1.916837755 0.071544129 -0.002693558 0.031181316 0.120685219 0.049724326 0.063745298 1.281974105
LHS_32 0.5 2.14 21.21 57.4 Patchy_25 0.4979 0.479962115 0.017937885 171 18 9.5 2.369247419 6.766666667 0.350135087 -0.005244658 0.004633257 0.013005586 0.004131395 0.009135467 2.211230543 1.991510192 1.946968484 0.044541708 -0.000692894 0.037815397 0.070173488 0.03576533 0.035477642 0.99195623
LHS_33 0.56 1.75 16.28 77.52 Patchy_25 0.4981 0.471386571 0.026713429 171 28 6.107142857 3.219447648 5.817460317 0.553411192 -0.000642554 0.012868293 0.031268692 0.014498144 0.016017934 1.104826581 1.990903562 1.924348531 0.066555031 -0.003019348 0.04707254 0.110911452 0.051654882 0.05710346 1.105480423
LHS_34 0.6 2.68 16.54 91.88 Patchy_25 0.4977 0.460623925 0.037076075 171 26 6.576923077 3.292818224 5.697802198 0.577910238 0.002234567 0.0186211 0.051425589 0.024093752 0.025047986 1.039605046 1.989362877 1.906728501 0.082634376 0.007829758 0.070087488 0.175435911 0.084451052 0.084721246 1.003199417
LHS_35 0.58 1.04 23.99 86.81 Patchy_50 0.4925 0.477356877 0.015143123 114 22 5.181818182 2.352664089 4.073232323 0.577591432 0.01176631 0.021568134 0.031349103 0.021561182 0.009791399 0.454121601 1.988979067 1.946085514 0.042893553 -0.006900992 0.031825717 0.068554244 0.031159656 0.037732027 1.210925662
LHS_36 0.45 0.46 34.78 14.61 Continuous 0.5018 0.487757286 0.014042714 229 14 16.35714286 9.423209379 14.625 0.644322009 0.001839165 0.004514196 0.007979356 0.004777572 0.003078557 0.644376803 1.988775352 1.962044963 0.026730388 0.001379467 0.017235917 0.030906693 0.016507359 0.014777089 0.895181901
LHS_37 0.58 0.53 6.13 88.5 Patchy_50 0.5003 0.432291 0.068009 28 16 1.75 NA NA NA -0.00063268 NA NA NA NA NA 1.988603314 1.847542488 0.141060826 -0.00361638 0.765118371 0.765118371 0.508873454 0.443829215 0.872179934
LHS_38 0.56 3.63 24.83 67.98 Continuous 0.4952 0.489404933 0.005795067 229 16 14.3125 2.416037993 9.979166667 0.242108191 0.00161657 0.004461859 0.006614768 0.004231066 0.002507079 0.59254077 1.991194936 1.9640786 0.027116336 -0.006366021 0.004107799 0.015227283 0.00432302 0.010798261 2.497851207
LHS_39 0.63 0.02 8.75 95.9 Patchy_25 0.4923 0.330970316 0.161329684 57 46 1.239130435 0.308995952 0.547964113 0.563898153 0.093828256 0.316977955 0.365965318 0.258923843 0.145059833 0.56024131 1.988816883 1.768531117 0.220285766 0.256174104 0.586289921 0.657744875 0.500069633 0.214220038 0.428380417
LHS_4 0.77 3.5 33.05 44.89 Patchy_25 0.4959 0.484897099 0.011002901 171 14 12.21428571 7.019386723 10.89880952 0.644050775 0.005936488 0.01067805 0.021574685 0.012729741 0.00801844 0.629898126 1.989671615 1.960069817 0.029601797 0.000602593 0.018109923 0.056048459 0.024920325 0.02834338 1.137359961
LHS_40 0.34 1.97 31.65 66 Patchy_25 0.4989 0.490769314 0.008130686 171 12 14.25 6.045161824 12.02777778 0.502600059 0.002487091 0.004824459 0.005895893 0.004402481 0.001743139 0.39594465 1.990852035 1.970080661 0.020771374 -0.000489743 0.006423002 0.015056112 0.006996457 0.007788776 1.113245823
LHS_41 0.76 2.2 28.84 58.79 Patchy_50 0.4935 0.462970657 0.030529343 114 18 6.333333333 5.902008447 6.711111111 0.879438345 -0.000538424 0.0220065 0.047688166 0.023052081 0.024130291 1.046772776 1.989960649 1.910475835 0.079484813 -0.007112761 0.069760756 0.157248727 0.073298907 0.082237848 1.121951891
LHS_42 0.43 0.15 45.01 21.98 Patchy_50 0.4955 0.467520877 0.027979123 114 18 6.333333333 1.787948338 4.694444444 0.380864735 -0.000550569 0.012867713 0.025890691 0.012735945 0.013221123 1.038095159 1.988971155 1.918025473 0.070945682 0.000807115 0.049177364 0.092239554 0.047408011 0.045741892 0.964855754
LHS_43 0.32 2.22 49.16 0.27 Patchy_50 0.5078 0.48699218 0.02080782 114 8 14.25 4.424586714 8.930555556 0.495443613 0.003666872 0.006395101 0.009812795 0.006624923 0.0030794 0.464820556 1.992174738 1.955438729 0.036736009 0.00229057 0.012590696 0.021059227 0.011980164 0.009399212 0.784564539
LHS_44 0.43 1.89 20.31 47.29 Patchy_50 0.5116 0.477831727 0.033768273 114 20 5.7 2.117978596 4.333333333 0.488764291 0.004113659 0.018868694 0.026789406 0.016590586 0.011508245 0.69366115 1.99132975 1.940914172 0.050415579 0.001907953 0.047910722 0.079460815 0.043093164 0.039000234 0.90502138
LHS_45 0.33 0.99 49.04 65.01 Continuous 0.4917 0.490786456 0.000913544 229 8 28.625 4.832075986 19.95833333 0.242108191 -0.000870251 -0.000949659 0.001151344 -0.000222855 0.001190754 -5.343172131 1.98991313 1.965508213 0.024404917 0.002531512 0.00493455 0.012153168 0.006539743 0.005007649 0.765725599
LHS_46 0.58 3.36 6.67 15.32 Patchy_25 0.5009 0.391182032 0.109717968 143 48 2.979166667 1.386582112 2.201388889 0.629866953 0.018235413 0.085685739 0.23117438 0.11169851 0.108826693 0.974289563 1.991224673 1.810240311 0.180984361 0.058530422 0.251075531 0.523541037 0.277715663 0.233647149 0.841317867
LHS_47 0.37 2.82 6.91 70.25 Patchy_25 0.4941 0.402553167 0.091546833 158 50 3.16 1.187646287 2.428888889 0.488966907 0.019881722 0.068216168 0.173863463 0.087320451 0.078748488 0.901833269 1.989442031 1.814223144 0.175218887 0.05167359 0.198482662 0.42421556 0.224790604 0.187659161 0.834817639
LHS_48 0.5 2.77 16.98 53.97 Patchy_25 0.4861 0.482670675 0.003429325 171 22 7.772727273 2.91110581 6.138888889 0.474207281 -0.001910216 0.002631416 0.01408962 0.00493694 0.008245318 1.670127181 1.989074016 1.962169307 0.02690471 0.002830779 0.016886229 0.057687073 0.02580136 0.028494085 1.104363684
LHS_49 0.36 1.56 9.97 56.37 Patchy_25 0.4978 0.434769433 0.063030567 171 38 4.5 2.139604834 3.862865497 0.553890586 0.002860028 0.026755956 0.068606033 0.032740673 0.033279076 1.016444482 1.987490733 1.873435693 0.114055041 0.017850536 0.09662681 0.220061034 0.111512793 0.101923823 0.914010133
LHS_5 0.53 1.59 35.76 94.66 Patchy_25 0.4838 0.490492841 -0.006692841 171 12 14.25 6.045161824 12.02777778 0.502600059 0.006266767 0.008701246 0.012910344 0.009292786 0.003361059 0.361684801 1.990881762 1.97040667 0.020475091 -0.001172409 0.0049838 0.021385377 0.008398923 0.01166022 1.388299445
LHS_50 0.61 3.85 48.05 3.68 Patchy_50 0.4993 0.490240824 0.009059176 114 10 11.4 4.593030146 8.355555556 0.549697757 -0.001251015 -0.000309274 0.000750033 -0.000270086 0.001001099 -3.706600654 1.990301262 1.967032246 0.023269016 -0.00030495 0.004359774 0.006846587 0.003633804 0.003630619 0.999123598
LHS_51 0.49 1.4 8.23 66.15 Patchy_50 0.4961 0.393496043 0.102603957 68 42 1.619047619 1.190961067 1.32481203 0.898966072 -0.014273276 0.148052442 0.351845529 0.161874898 0.183450375 1.133284879 1.98812493 1.810889117 0.177235813 -0.044589661 0.400061698 0.69004988 0.348507306 0.37002325 1.061737426
LHS_52 0.75 0.32 6.24 90.66 Patchy_25 0.4947 0.326151016 0.168548984 88 50 1.76 0.608888252 1.035757576 0.587867534 0.068957526 0.235712856 0.352084598 0.218918326 0.142308738 0.65005402 1.990907525 1.786958976 0.203948549 0.183995894 0.468921785 0.636728228 0.429881969 0.22887709 0.532418445
LHS_53 0.25 3.48 23.89 53.14 Continuous 0.4847 0.488583155 -0.003883155 229 14 16.35714286 9.423209379 14.625 0.644322009 -0.002280849 0.000900889 0.004845039 0.001155026 0.003569735 3.09061003 1.990198274 1.960933299 0.029264974 -0.003448395 0.007875866 0.022235347 0.008887606 0.012871727 1.448278349
LHS_54 0.33 3.92 28.34 40.39 Patchy_25 0.4913 0.489407123 0.001892877 171 14 12.21428571 6.438895296 11.63492063 0.553411192 -0.004619646 -0.004018579 -0.000589333 -0.003075853 0.002174259 -0.706880252 1.990939236 1.966074004 0.024865232 0.00145267 0.006959948 0.020400508 0.009604375 0.009746789 1.014828005
LHS_55 0.72 3.59 11.66 30.45 Continuous 0.4957 0.456382229 0.039317771 229 36 6.361111111 2.817112245 5.248148148 0.53678215 0.000360238 0.019752009 0.050799744 0.02363733 0.025443226 1.076400156 1.989679532 1.89895032 0.090729212 0.005710174 0.076102172 0.172788477 0.084866941 0.083883286 0.988409445
LHS_56 0.38 1.36 13 12.22 Patchy_25 0.4863 0.470759386 0.015540614 171 32 5.34375 1.810533336 4.246527778 0.426356174 0.000883859 0.013799559 0.032250546 0.015644655 0.015764535 1.007662699 1.991720418 1.931954214 0.059766204 0.002961918 0.046566262 0.109349679 0.052959286 0.053481231 1.009855576
LHS_57 0.66 1.84 27.13 25.16 Patchy_50 0.4965 0.469803848 0.026696152 114 18 6.333333333 5.902008447 6.711111111 0.879438345 0.005267957 0.019468491 0.032866587 0.019201011 0.013801259 0.718777697 1.988627042 1.919790442 0.0688366 -0.001524448 0.056568414 0.101762345 0.052268771 0.051777462 0.99060035
LHS_58 0.31 3.08 22.63 52.29 Patchy_50 0.4925 0.48069031 0.01180969 114 14 8.142857143 5.408484139 7.30952381 0.739922912 0.011900381 0.019969368 0.031913897 0.021261215 0.010069104 0.473590251 1.989632028 1.949278869 0.040353158 0.00181241 0.03096435 0.069607816 0.034128192 0.034008259 0.996485823
LHS_59 0.64 3.05 17.55 83.69 Patchy_25 0.4912 0.477674186 0.013525814 171 24 7.125 3.022580912 6.013888889 0.502600059 -0.007672678 -0.000868638 0.012121188 0.00119329 0.010056736 8.427735507 1.989384644 1.951407826 0.037976817 -0.017104387 0.005551994 0.054102362 0.014183323 0.036379598 2.564955852
LHS_6 0.62 1.66 32.57 32.33 Continuous 0.4969 0.488382248 0.008517752 229 12 19.08333333 9.028728582 15.15277778 0.595846433 0.001356016 0.006172712 0.007955756 0.005161495 0.003414098 0.661455239 1.992359302 1.962226482 0.03013282 -0.001390837 0.02007139 0.025022708 0.014567754 0.014040525 0.963808533
LHS_60 0.74 3.55 39.11 46.45 Continuous 0.4874 0.492384599 -0.004984599 229 12 19.08333333 8.115628499 16.13888889 0.502861663 -0.00000523228 0.001865936 0.003571806 0.001810836 0.001789155 0.988027072 1.993139613 1.973802065 0.019337549 -0.001222557 0.005081403 0.011230562 0.005029803 0.00622672 1.237965099
LHS_61 0.46 0.9 14.88 76.41 Continuous 0.4987 0.475575794 0.023124206 229 28 8.178571429 4.528866221 7.523809524 0.601937916 -0.000860139 0.011645035 0.018815668 0.009866855 0.0099577 1.009207151 1.990055692 1.935172801 0.054882891 -0.002693157 0.045433192 0.073497457 0.038745831 0.038533012 0.994507309
LHS_62 0.46 0.88 33.86 59.56 Continuous 0.5026 0.489559576 0.013040424 229 12 19.08333333 0.834721067 11.88888889 0.070210183 0.00451317 0.007548317 0.012036083 0.008032523 0.003784758 0.471179239 1.991464583 1.966196609 0.025267973 -0.012381373 -0.000521875 0.015474764 0.000857172 0.013979178 16.30848854
LHS_63 0.47 0.93 18.99 99.17 Patchy_50 0.5029 0.462909281 0.039990719 114 26 4.384615385 2.574506138 3.801282051 0.677273116 0.00050744 0.027232542 0.040141138 0.02262704 0.02021424 0.893366524 1.990649917 1.915063291 0.075586626 -0.013394409 0.079068798 0.123256814 0.062977068 0.069732324 1.107265341
LHS_64 0.5 1.94 7.42 5.57 Continuous 0.4932 0.430492601 0.062707399 227 50 4.54 2.136691864 3.908589744 0.546665678 0.001033094 0.038339397 0.086118591 0.041830361 0.042650036 1.019595231 1.991543905 1.841443831 0.150100074 0.013111586 0.13654712 0.273621222 0.141093309 0.130314307 0.923603728
LHS_65 0.48 1.64 19.2 87.03 Patchy_50 0.496 0.460340861 0.035659139 114 24 4.75 2.408871528 3.986111111 0.604316202 -0.008821084 0.019251866 0.037802589 0.01607779 0.023473342 1.459985569 1.988154575 1.897376001 0.090778574 -0.013387999 0.07995781 0.142395013 0.069654942 0.078400883 1.125560967
LHS_66 0.3 3.53 27.33 38.51 Continuous 0.4891 0.491451215 -0.002351215 229 14 16.35714286 9.423209379 14.625 0.644322009 0.00362775 0.005261066 0.007295797 0.005394871 0.00183768 0.340634712 1.98791151 1.97064209 0.01726942 -0.004258666 0.002582485 0.012245839 0.003523219 0.00829237 2.353634458
LHS_67 0.66 0.62 10.9 39.28 Patchy_25 0.5082 0.427189808 0.081010192 161 50 3.22 1.683097444 2.807619048 0.599475006 0.00839866 0.042598241 0.11636701 0.05578797 0.055179415 0.989091646 1.988296885 1.840397074 0.147899811 0.036406408 0.152581772 0.320181394 0.169723191 0.142661949 0.840556605
LHS_68 0.34 1.19 43.82 18.12 Continuous 0.4974 0.49298888 0.00441112 229 10 22.9 7.502987059 16.87777778 0.444548279 -0.001115267 -0.001067067 -0.000690312 -0.000957549 0.000232685 -0.243000989 1.990061632 1.973700812 0.01636082 -0.000982282 -0.001690481 0.002305183 -0.000122527 0.002132069 -17.40087026
LHS_69 0.76 2.75 42.95 66.99 Patchy_25 0.4984 0.488330957 0.010069043 171 12 14.25 6.045161824 12.02777778 0.502600059 -0.004687415 -0.002174047 0.003250735 -0.001203576 0.004057083 -3.370858053 1.990830236 1.962590008 0.028240228 -0.002057564 0.007496711 0.027579524 0.011006224 0.015127021 1.374406055
LHS_7 0.71 0.69 21.29 18.99 Continuous 0.4886 0.469289811 0.019310189 229 24 9.541666667 4.30390622 7.787698413 0.552654455 -0.009568617 0.003407589 0.02728503 0.007041334 0.018693606 2.6548387 1.990984821 1.925233385 0.065751436 -0.007122925 0.035593846 0.119547411 0.049339444 0.064444159 1.306138735
LHS_70 0.74 0.35 10.72 52.92 Patchy_50 0.4933 0.347039546 0.146260454 76 50 1.52 0.952694643 1.150833333 0.827830248 0.017849265 0.167454835 0.319416219 0.168240106 0.15078501 0.8962489 1.990935272 1.731848955 0.259086317 0.052581725 0.420175913 0.638482186 0.370413275 0.296103154 0.799385913
LHS_71 0.42 0.65 18.2 84.16 Continuous 0.494 0.461009854 0.032990146 229 24 9.541666667 4.057814249 8.069444444 0.502861663 0.00597171 0.012860454 0.05109437 0.023308845 0.024308234 1.042875974 1.989277793 1.905255868 0.084021924 0.01017177 0.04134287 0.165462449 0.072325696 0.082150779 1.135844972
LHS_72 0.63 3.86 27.85 27.35 Continuous 0.4934 0.489931934 0.003468066 229 16 14.3125 9.764879138 14.22916667 0.686257978 0.0000324219 0.001655925 0.007416012 0.003034786 0.003880115 1.278546549 1.992111239 1.968810217 0.023301022 -0.007824634 0.001055281 0.020031339 0.004420662 0.014229658 3.218897436
LHS_73 0.68 0.43 47.88 50.66 Patchy_25 0.4969 0.478574316 0.018325684 171 14 12.21428571 1.254771694 8.468253968 0.148173602 -0.003909642 0.006802859 0.012871944 0.005255054 0.008497186 1.616955198 1.991756121 1.941672135 0.050083986 -0.00544913 0.029839701 0.052903265 0.025764612 0.029388863 1.140667776
LHS_74 0.61 1.62 24.1 83.04 Patchy_50 0.4945 0.479744349 0.014755651 114 20 5.7 2.117978596 4.333333333 0.488764291 0.003125808 0.009202406 0.01952856 0.010618925 0.008292615 0.780927931 1.990645955 1.950130132 0.040515822 0.000985481 0.03173117 0.063721202 0.032145951 0.031369917 0.975859043
LHS_75 0.69 2.64 28.91 19.94 Patchy_50 0.4939 0.480780976 0.013119024 114 18 6.333333333 5.67972352 6.944444444 0.817880187 -0.002635116 0.005851751 0.014983825 0.00606682 0.008811439 1.452398296 1.987603318 1.950445314 0.037158004 -0.004455258 0.036790128 0.063413657 0.031916176 0.034195964 1.071430496
LHS_76 0.69 2.83 14.04 8.88 Continuous 0.5023 0.47113662 0.03116338 229 32 7.15625 4.882439569 7.114583333 0.686257978 -0.002791225 0.006748994 0.028742443 0.010900071 0.016171476 1.483612006 1.991307941 1.933594856 0.057713084 0.000392497 0.041243634 0.114154297 0.051930143 0.057628881 1.109738537
LHS_77 0.34 2.62 34.33 43.66 Continuous 0.4948 0.494644437 0.000155563 229 12 19.08333333 8.115628499 16.13888889 0.502861663 -0.000437947 0.001003523 0.001254617 0.000606731 0.000913387 1.505423461 1.991309923 1.979715285 0.011594638 -0.001784738 -0.00120722 0.00367736 0.000228468 0.003000754 13.13426794
LHS_78 0.78 0.85 26.71 74.64 Continuous 0.4986 0.472290654 0.026309346 229 22 10.40909091 3.908579463 8.237373737 0.474493399 -0.005247698 0.004808231 0.021369963 0.006976832 0.013440688 1.926474384 1.989210522 1.931270566 0.057939956 0.000117372 0.041591672 0.099378092 0.047029045 0.049853249 1.060052322
LHS_79 0.77 0.4 43.23 16.52 Continuous 0.4882 0.481743643 0.006456357 229 18 12.72222222 3.181914233 9.07962963 0.350445378 -0.007156335 0.001949366 0.004627987 -0.000192994 0.006177365 -32.00809076 1.990818346 1.956291919 0.034526426 -0.003193575 0.024469557 0.034851697 0.018709226 0.019665877 1.051132574
LHS_8 0.28 1.64 44.32 71.38 Continuous 0.4938 0.494193472 -0.000393472 229 8 28.625 4.832075986 19.95833333 0.242108191 0.001292654 0.001681299 0.001842497 0.001605483 0.000282653 0.176055045 1.988771397 1.976609123 0.012162274 0.000976663 0.002859159 0.006565636 0.003467152 0.002843659 0.82017133
LHS_80 0.37 0.86 12.3 40.68 Continuous 0.4943 0.471004324 0.023295676 229 30 7.633333333 2.346689206 5.790277778 0.405280938 0.003500916 0.019505202 0.032610521 0.01853888 0.014578841 0.786392765 1.988931596 1.934572578 0.054359018 0.000996759 0.058574755 0.10559086 0.055054125 0.052385853 0.95153367
LHS_81 0.52 0.36 32.33 44.5 Continuous 0.4967 0.481255265 0.015444735 229 18 12.72222222 2.767841023 9.671296296 0.286191317 0.003224103 0.014859001 0.01906344 0.012382181 0.008205006 0.662646264 1.990253727 1.944340568 0.045913159 0.000374462 0.037338249 0.053928138 0.03054695 0.027415148 0.897475808
LHS_82 0.45 1.96 31.88 73.97 Patchy_25 0.4954 0.489665067 0.005734933 171 12 14.25 6.045161824 12.02777778 0.502600059 0.000705505 0.002794641 0.005776292 0.003092146 0.002548451 0.824169082 1.988111096 1.968375612 0.019735484 0.002432455 0.004468201 0.016916047 0.007938901 0.007840786 0.987641274
LHS_83 0.57 1.67 43.9 36.79 Patchy_50 0.4984 0.48409028 0.01430972 114 10 11.4 4.593030146 8.355555556 0.549697757 -0.00143195 0.007041059 0.008901137 0.004836749 0.005507941 1.138769259 1.990647936 1.948355952 0.042291984 -0.000352035 0.03462649 0.045655011 0.026643156 0.024020039 0.901546341
LHS_84 0.66 3.2 22.49 33.16 Patchy_50 0.499 0.469830686 0.029169314 114 20 5.7 6.150120444 6.427777778 0.956803526 -0.001500269 0.018617728 0.030257934 0.015791798 0.016066589 1.017400905 1.987518385 1.921159473 0.066358912 -0.010850606 0.060404175 0.102028095 0.050527221 0.05708385 1.12976429
LHS_85 0.38 1.44 16.72 38.27 Patchy_50 0.4997 0.46788979 0.03181021 114 24 4.75 2.408871528 3.986111111 0.604316202 0.009102081 0.020782761 0.036391349 0.022092064 0.013691667 0.619755003 1.989291643 1.929856182 0.059435461 0.004019737 0.054238775 0.107554836 0.055271116 0.051775269 0.936750927
LHS_86 0.39 1 23.53 53.43 Continuous 0.4974 0.488158585 0.009241415 229 16 14.3125 2.974448478 9.3875 0.316852035 -0.001356268 0.004808992 0.009618518 0.004357081 0.005501331 1.262618678 1.988004382 1.962796217 0.025208164 -0.001392764 0.017181371 0.037690454 0.017826354 0.01954959 1.096667918
LHS_87 0.44 3.28 29.17 24.05 Patchy_25 0.4991 0.48741347 0.01168653 171 14 12.21428571 6.438895296 11.63492063 0.553411192 -0.003266841 0.001182384 0.005748249 0.001221264 0.004507671 3.690988179 1.989612235 1.958525663 0.031086571 -0.002189463 0.008490242 0.026032787 0.010777855 0.014249517 1.322110597
LHS_88 0.7 0.8 30.08 73 Patchy_25 0.4956 0.482517629 0.013082371 171 20 8.55 2.531962348 6.583333333 0.384601876 -0.003057062 0.004645233 0.008345654 0.003311275 0.005817222 1.756792009 1.990826273 1.95528892 0.035537352 -0.005935412 0.024501319 0.040913033 0.019826314 0.023771537 1.198989234
LHS_89 0.74 1.33 17.34 21.2 Continuous 0.4929 0.470780917 0.022119083 229 28 8.178571429 4.528866221 7.523809524 0.601937916 0.004261595 0.019016298 0.035844229 0.019707374 0.015802654 0.801865052 1.991089873 1.935137801 0.055952072 0.004939655 0.061807006 0.120234568 0.062327077 0.057649216 0.924946576
LHS_9 0.27 1.18 37.28 79.21 Patchy_50 0.5085 0.490088839 0.018411161 114 10 11.4 4.593030146 8.355555556 0.549697757 -0.00276821 -0.000163284 0.003053745 0.0000407502 0.002916335 71.56619782 1.989358919 1.966689787 0.022669132 0.00380939 0.012716934 0.027598841 0.014708388 0.012019106 0.817159962
LHS_90 0.69 0.3 48.38 51.48 Continuous 0.4939 0.480054447 0.013845553 229 16 14.3125 2.416037993 9.979166667 0.242108191 -0.001709931 0.003239875 0.00880102 0.003443655 0.005258438 1.526993415 1.987164902 1.949528217 0.037636685 0.008914604 0.034438134 0.051355973 0.03156957 0.021365602 0.676778348
LHS_91 0.42 1.52 41.32 69.68 Patchy_50 0.4935 0.491083996 0.002416004 114 10 11.4 4.593030146 8.355555556 0.549697757 0.004899738 0.007113598 0.006585609 0.006199648 0.001156295 0.186509757 1.990836181 1.9722721 0.018564081 0.00332555 0.009199356 0.010186249 0.007570385 0.003709105 0.489949288
LHS_92 0.78 2.87 30.57 29.84 Patchy_25 0.497 0.483624981 0.013375019 171 16 10.6875 1.799522506 7.4375 0.241952606 -0.004907647 0.001478286 0.006516283 0.001028974 0.005725204 5.563993479 1.989998269 1.954375235 0.035623033 -0.004105254 0.020630127 0.040185813 0.018903562 0.022195955 1.174167843
LHS_93 0.47 3.13 42.72 41.12 Patchy_50 0.4932 0.486953692 0.006246308 114 10 11.4 4.593030146 8.355555556 0.549697757 -0.001484553 0.002070259 0.005710849 0.002098852 0.003597786 1.714168778 1.990517176 1.955052803 0.035464373 0.002385322 0.014027978 0.023662142 0.013358481 0.010654198 0.79756062
LHS_94 0.44 2.33 29.78 59.15 Continuous 0.5028 0.491249576 0.011550424 229 12 19.08333333 9.028728582 15.15277778 0.595846433 -0.002641743 -0.000411866 0.002683516 -0.000123365 0.002674326 -21.67824602 1.991373371 1.970477547 0.020895824 0.000192928 0.010505308 0.023374618 0.011357618 0.011614323 1.022602024
LHS_95 0.73 3.32 17.15 66.48 Patchy_25 0.4899 0.467737747 0.022162253 171 28 6.107142857 3.373629729 5.607142857 0.601666449 -0.002698296 0.01006065 0.026561871 0.011308075 0.014669915 1.297295471 1.990103217 1.923577362 0.066525855 0.006099327 0.053285652 0.109789126 0.056391368 0.051914619 0.92061287
LHS_96 0.32 2.18 37.4 45.89 Patchy_50 0.4913 0.488076155 0.003223845 114 10 11.4 4.593030146 8.355555556 0.549697757 0.000224777 0.005871618 0.010409409 0.005501935 0.00510237 0.927377401 1.991585551 1.959072891 0.03251266 -0.000234364 0.016841747 0.029950036 0.01551914 0.015135603 0.975286207
LHS_97 0.4 3.82 39.6 45.29 Patchy_25 0.4896 0.491215134 -0.001615134 171 10 17.1 5.587320301 12.57777778 0.444221579 0.001334922 0.001835234 0.003218195 0.00212945 0.000975501 0.458099877 1.98849457 1.968070379 0.020424192 -0.000303692 0.002557042 0.009539424 0.003930925 0.005063338 1.288078226
LHS_98 0.37 0.03 48.58 9.02 Continuous 0.4915 0.467347074 0.024152926 229 20 11.45 1.331283146 7.022222222 0.189581461 0.000661472 0.006957696 0.015357846 0.007659005 0.007373244 0.962689617 1.991494328 1.943408816 0.048085512 0.018822619 0.040910236 0.070405086 0.043379314 0.025879722 0.596591311
LHS_99 0.77 1.92 40.65 32.96 Patchy_25 0.4933 0.489134997 0.004165003 171 12 14.25 6.045161824 12.02777778 0.502600059 0.001043593 0.003443691 0.0083326 0.004273295 0.003714645 0.869269515 1.99152209 1.965809474 0.025712617 0.001694545 0.018683484 0.031086859 0.017154963 0.014755653 0.860139064
